#Params

DP.StartlistCount = 34
DP.ITCount = 7
DP.RaceCount = 11

#Event Properties

EP.Name = A 2004 Mistral M
EP.ScoringSystem = Low Point System
EP.Throwouts = 1
EP.DivisionName = MistralMen
EP.InputMode = Strict
EP.RaceLayout = Finish
EP.NameSchema = NX
EP.FieldMap = SN
EP.FieldCaptions = FN,LN,-,NOC,-,-
EP.FieldCount = 6
EP.NameFieldCount = 0
EP.NameFieldOrder = 
EP.UseFleets = False
EP.TargetFleetSize = 8
EP.FirstFinalRace = 20
EP.IsTimed = False
EP.UseCompactFormat = True

NameList.Begin
NameList.End

StartList.Begin
Pos;SNR;Bib
1;1351;1
2;1352;2
3;1353;3
4;1354;4
5;1355;5
6;1356;6
7;1357;7
8;1358;8
9;1359;9
10;1360;10
11;1361;11
12;1362;12
13;1363;13
14;1364;14
15;1365;15
16;1366;16
17;1367;17
18;1368;18
19;1369;19
20;1370;20
21;1371;21
22;1372;22
23;1373;23
24;1374;24
25;1375;25
26;1376;26
27;1377;27
28;1378;28
29;1379;29
30;1380;30
31;1381;31
32;1382;32
33;1383;33
34;1384;34
StartList.End

FinishList.Begin
SNR;Bib;R1;R2;R3;R4;R5;R6;R7;R8;R9;R10;R11
1351;1;29;6;24;7;23;23;16;13;11;10;9
1352;2;9;13;10;4;13;2;9;6;6;31;14
1353;3;4;7;2;1;5;17;7;2;9;1;17
1354;4;33;0;33;31;30;32;31;29;33;25;30
1355;5;19;10;21;3;8;1;12;4;12;14;3
1356;6;3;22;6;20;7;18;14;11;24;16;21
1357;7;28;26;32;33;31;26;34;28;29;32;22
1358;8;5;4;9;8;12;11;6;14;4;2;18
1359;9;27;27;25;29;17;31;30;0;20;21;0
1360;10;2;12;15;10;2;9;1;10;1;6;1
1361;11;1;5;4;14;6;13;2;3;5;4;10
1362;12;21;23;13;24;18;3;18;7;21;9;7
1363;13;12;17;17;26;24;24;23;8;18;27;25
1364;14;18;20;19;12;25;10;22;26;14;17;12
1365;15;8;3;5;5;1;7;5;1;8;5;2
1366;16;13;9;29;22;19;21;21;0;32;0;0
1367;17;16;24;18;23;0;4;13;12;15;19;28
1368;18;31;25;28;28;27;0;17;22;23;22;15
1369;19;11;16;12;19;11;14;20;5;16;20;26
1370;20;26;19;16;17;28;15;11;17;13;26;19
1371;21;17;8;3;18;14;8;15;18;3;3;11
1372;22;6;1;1;15;10;6;10;16;2;7;20
1373;23;10;2;22;9;3;5;4;0;7;8;8
1374;24;32;30;30;27;26;12;24;23;28;30;24
1375;25;34;28;34;34;32;27;33;30;34;33;27
1376;26;15;11;11;2;9;0;19;15;10;18;4
1377;27;24;14;14;25;0;22;25;20;22;23;0
1378;28;14;29;20;30;15;30;27;21;17;13;5
1379;29;23;32;27;21;21;19;26;19;25;15;16
1380;30;7;18;8;6;4;16;3;0;19;12;13
1381;31;20;15;7;13;20;20;8;9;26;11;6
1382;32;30;33;31;32;29;28;32;25;31;29;29
1383;33;22;21;23;16;22;29;28;24;30;28;31
1384;34;25;31;26;11;16;25;29;27;27;24;23
FinishList.End

CompareList.Begin
015=04200
011=05200
010=05300
003=05400
022=07300
023=07800
005=08400
002=08400
008=08900
021=09800
030=10500
026=11200
006=13600
012=13800
001=14000
019=14200
031=14600
014=16700
017=17000
020=17700
028=18900
013=19200
029=21100
027=22200
034=23200
016=23400
018=23600
033=24100
024=25200
009=26000
007=28500
032=29400
004=30500
025=30900
CompareList.End

#W1


#W2

FR.*.W2.Bib4.QU=DNF
FR.*.W2.Bib8.QU=DSQ

#W3


#W4

FR.*.W4.Bib28.QU=DSQ

#W5

FR.*.W5.Bib17.QU=OCS
FR.*.W5.Bib27.QU=OCS

#W6

FR.*.W6.Bib18.QU=DNF
FR.*.W6.Bib26.QU=OCS

#W7

FR.*.W7.Bib31.QU=DSQ

#W8

FR.*.W8.Bib9.QU=OCS
FR.*.W8.Bib16.QU=OCS
FR.*.W8.Bib23.QU=OCS
FR.*.W8.Bib30.QU=OCS

#W9


#W10

FR.*.W10.Bib16.QU=DNF

#W11

FR.*.W11.Bib9.QU=OCS
FR.*.W11.Bib16.QU=DNS
FR.*.W11.Bib27.QU=OCS

EP.IM = Strict
