#Params

DP.StartlistCount = 42
DP.ITCount = 7
DP.RaceCount = 11

#Event Properties

EP.Name = A 2004 Laser
EP.ScoringSystem = Low Point System
EP.Throwouts = 1
EP.DivisionName = Laser
EP.InputMode = Strict
EP.RaceLayout = Finish
EP.NameSchema = NX
EP.FieldMap = SN
EP.FieldCaptions = FN,LN,Code,NOC,-,-
EP.FieldCount = 6
EP.NameFieldCount = 0
EP.NameFieldOrder = 
EP.UseFleets = False
EP.TargetFleetSize = 8
EP.FirstFinalRace = 20
EP.IsTimed = False
EP.UseCompactFormat = True

NameList.Begin
NameList.End

StartList.Begin
Pos;SNR;Bib
1;1504;1
2;1505;2
3;1506;3
4;1507;4
5;1508;5
6;1509;6
7;1510;7
8;1511;8
9;1512;9
10;1513;10
11;1514;11
12;1515;12
13;1516;13
14;1517;14
15;1518;15
16;1519;16
17;1520;17
18;1521;18
19;1522;19
20;1523;20
21;1524;21
22;1525;22
23;1526;23
24;1527;24
25;1528;25
26;1529;26
27;1530;27
28;1531;28
29;1532;29
30;1533;30
31;1534;31
32;1535;32
33;1536;33
34;1537;34
35;1538;35
36;1539;36
37;1540;37
38;1541;38
39;1542;39
40;1543;40
41;1544;41
42;1545;42
StartList.End

FinishList.Begin
SNR;Bib;R1;R2;R3;R4;R5;R6;R7;R8;R9;R10;R11
1504;1;40;6;11;2;18;0;23;5;5;12;12
1505;2;18;2;10;19;5;6;2;20;13;17;32
1506;3;4;1;34;7;1;2;12;15;12;4;10
1507;4;9;4;5;14;32;14;17;27;20;19;31
1508;5;3;8;1;3;8;4;19;12;7;3;6
1509;6;41;40;35;32;0;38;42;41;40;37;41
1510;7;15;26;22;21;27;33;31;0;9;33;30
1511;8;39;39;6;38;16;15;18;11;27;32;16
1512;9;29;29;4;37;22;29;36;17;28;24;35
1513;10;6;11;2;22;0;13;3;25;29;26;3
1514;11;25;0;27;9;0;16;7;10;30;40;39
1515;12;37;30;15;27;15;32;28;31;34;10;11
1516;13;16;31;12;18;20;27;25;18;21;27;20
1517;14;35;5;24;12;10;12;33;32;11;13;8
1518;15;10;20;32;10;17;8;32;23;1;9;1
1519;16;13;3;28;5;11;7;1;9;8;7;17
1520;17;12;25;36;15;7;17;20;2;6;16;37
1521;18;33;27;38;31;26;22;27;26;24;11;22
1522;19;28;37;42;36;35;39;39;38;41;36;15
1523;20;42;41;41;40;36;40;37;34;35;42;40
1524;21;20;12;19;1;0;21;15;13;15;22;2
1525;22;30;23;39;0;29;25;30;28;22;30;27
1526;23;17;35;14;35;30;24;11;30;38;38;23
1527;24;31;19;21;24;21;34;24;19;25;28;28
1528;25;23;22;33;17;0;35;26;21;18;20;7
1529;26;27;38;40;26;0;37;21;40;39;41;34
1530;27;24;9;26;11;9;5;13;3;0;2;21
1531;28;7;18;37;23;12;26;34;14;3;18;24
1532;29;38;36;16;39;31;28;38;33;32;34;38
1533;30;8;24;30;20;3;3;8;16;10;21;14
1534;31;1;15;7;28;14;19;6;4;2;1;19
1535;32;34;34;29;16;13;30;22;37;31;23;5
1536;33;14;17;8;34;33;20;9;24;23;14;4
1537;34;32;28;25;30;34;41;41;39;37;39;18
1538;35;21;13;3;8;4;1;14;1;14;5;13
1539;36;22;16;31;13;25;11;10;6;19;8;26
1540;37;19;7;13;4;19;18;5;7;4;25;36
1541;38;5;10;9;25;2;9;4;8;17;15;25
1542;39;11;21;18;0;28;31;16;35;26;29;0
1543;40;36;33;23;29;24;36;40;36;36;31;33
1544;41;26;32;17;33;23;23;35;29;33;35;29
1545;42;2;14;20;6;6;10;29;22;16;6;9
FinishList.End

CompareList.Begin
005=05500
003=06800
035=07600
016=08100
031=08800
038=10400
027=10830
042=11100
002=11200
037=12000
030=12500
001=13400
021=13900
010=13900
015=14300
017=15500
036=15600
004=15900
014=16000
033=16600
028=19800
013=20300
008=21600
025=22000
012=23100
032=23500
024=23900
011=24400
007=24500
018=24800
009=25100
023=25500
039=25600
041=27700
022=28100
040=31400
034=32200
029=32900
026=33900
019=34400
020=38100
006=38400
CompareList.End

#W1


#W2

FR.*.W2.Bib11.QU=DNS
FR.*.W2.Bib15.QU=DSQ

#W3


#W4

FR.*.W4.Bib22.QU=OCS
FR.*.W4.Bib39.QU=OCS

#W5

FR.*.W5.Bib6.QU=OCS
FR.*.W5.Bib10.QU=OCS
FR.*.W5.Bib11.QU=OCS
FR.*.W5.Bib21.QU=OCS
FR.*.W5.Bib25.QU=OCS
FR.*.W5.Bib26.QU=OCS

#W6

FR.*.W6.Bib1.QU=OCS
FR.*.W6.Bib19.QU=DNF

#W7


#W8

FR.*.W8.Bib7.QU=DNF

#W9

FR.*.W9.Bib27.QU=RDG/11.3
FR.*.W9.Bib29.QU=DSQ

#W10

FR.*.W10.Bib28.QU=DSQ
FR.*.W10.Bib34.QU=DSQ

#W11

FR.*.W11.Bib39.QU=DNF

EP.IM = Strict
