#Params

DP.StartlistCount = 26
DP.ITCount = 7
DP.RaceCount = 11

#Event Properties

EP.Name = A 2004 Mistral W
EP.ScoringSystem = Low Point System
EP.Throwouts = 1
EP.DivisionName = MistralWomen
EP.InputMode = Strict
EP.RaceLayout = Finish
EP.NameSchema = NX
EP.FieldMap = SN
EP.FieldCaptions = FN,LN,-,NOC,-,-
EP.FieldCount = 6
EP.NameFieldCount = 0
EP.NameFieldOrder = 
EP.UseFleets = False
EP.TargetFleetSize = 8
EP.FirstFinalRace = 20
EP.IsTimed = False
EP.UseCompactFormat = True

NameList.Begin
NameList.End

StartList.Begin
Pos;SNR;Bib
1;1385;1
2;1386;2
3;1387;3
4;1388;4
5;1389;5
6;1390;6
7;1391;7
8;1392;8
9;1393;9
10;1394;10
11;1395;11
12;1396;12
13;1397;13
14;1398;14
15;1399;15
16;1400;16
17;1401;17
18;1402;18
19;1403;19
20;1404;20
21;1405;21
22;1406;22
23;1407;23
24;1408;24
25;1409;25
26;1410;26
StartList.End

FinishList.Begin
SNR;Bib;R1;R2;R3;R4;R5;R6;R7;R8;R9;R10;R11
1385;1;19;23;21;19;19;21;21;23;23;20;0
1386;2;4;11;13;5;7;6;7;7;9;5;13
1387;3;17;7;19;14;15;19;18;21;13;12;15
1388;4;25;20;24;24;21;24;24;24;25;22;22
1389;5;20;22;8;20;13;10;16;18;17;16;14
1390;6;11;6;2;6;4;1;1;1;2;9;1
1391;7;21;0;18;23;16;20;19;17;22;23;17
1392;8;2;13;1;4;2;4;4;5;4;3;2
1393;9;18;17;15;8;8;9;10;2;6;6;6
1394;10;16;10;3;9;9;15;12;11;15;11;9
1395;11;6;18;4;16;11;18;9;16;18;0;8
1396;12;3;8;5;1;0;3;2;4;5;8;3
1397;13;24;19;22;25;22;23;25;25;24;21;23
1398;14;15;15;12;17;12;8;14;12;7;10;12
1399;15;7;1;6;3;1;2;3;6;3;2;7
1400;16;12;14;17;11;5;17;17;10;16;17;18
1401;17;22;21;20;21;20;22;23;20;10;19;19
1402;18;23;25;23;22;18;25;22;22;21;24;21
1403;19;1;9;0;2;0;5;5;3;1;1;4
1404;20;9;3;7;15;14;12;11;8;14;14;0
1405;21;8;2;16;7;6;16;20;19;20;4;16
1406;22;26;24;25;26;23;26;26;26;26;25;24
1407;23;10;5;14;13;3;11;13;15;8;7;11
1408;24;14;12;10;10;0;7;15;13;12;18;10
1409;25;5;4;11;12;10;13;8;9;11;13;20
1410;26;13;16;9;18;17;14;6;14;19;15;5
FinishList.End

CompareList.Begin
008=03100
006=03300
015=03400
012=04200
019=05800
002=07400
009=08700
023=09500
010=10300
025=10300
020=10700
021=11300
014=11700
024=12100
011=12300
026=12600
016=13500
003=14800
005=15200
017=19300
007=19500
001=20800
018=22000
013=22700
004=22900
022=25000
CompareList.End

#W1


#W2

FR.*.W2.Bib7.QU=DNF

#W3

FR.*.W3.Bib19.QU=OCS

#W4


#W5

FR.*.W5.Bib12.QU=OCS
FR.*.W5.Bib19.QU=OCS
FR.*.W5.Bib24.QU=OCS

#W6

FR.*.W6.Bib25.QU=DSQ

#W7


#W8


#W9


#W10

FR.*.W10.Bib11.QU=OCS

#W11

FR.*.W11.Bib1.QU=OCS
FR.*.W11.Bib20.QU=OCS

EP.IM = Strict
