#Params

DP.StartlistCount = 25
DP.ITCount = 7
DP.RaceCount = 11

#Event Properties

EP.Name = A 2004 Finn
EP.ScoringSystem = Low Point System
EP.Throwouts = 1
EP.DivisionName = Finn
EP.InputMode = Strict
EP.RaceLayout = Finish
EP.NameSchema = NX
EP.FieldMap = SN
EP.FieldCaptions = FN,LN,Code,NOC,-,-
EP.FieldCount = 6
EP.NameFieldCount = 0
EP.NameFieldOrder = 
EP.UseFleets = False
EP.TargetFleetSize = 8
EP.FirstFinalRace = 20
EP.IsTimed = False
EP.UseCompactFormat = True

NameList.Begin
NameList.End

StartList.Begin
Pos;SNR;Bib
1;1546;1
2;1547;2
3;1548;3
4;1549;4
5;1550;5
6;1551;6
7;1552;7
8;1553;8
9;1554;9
10;1555;10
11;1556;11
12;1557;12
13;1558;13
14;1559;14
15;1560;15
16;1561;16
17;1562;17
18;1563;18
19;1564;19
20;1565;20
21;1566;21
22;1567;22
23;1568;23
24;1569;24
25;1570;25
StartList.End

FinishList.Begin
SNR;Bib;R1;R2;R3;R4;R5;R6;R7;R8;R9;R10;R11
1546;1;20;22;25;18;5;20;14;20;21;19;16
1547;2;18;9;4;7;8;13;1;8;20;6;25
1548;3;19;13;2;5;6;5;3;11;24;18;15
1549;4;15;10;21;15;21;4;5;6;12;9;17
1550;5;10;19;15;22;19;15;0;14;8;11;2
1551;6;6;3;10;8;12;18;7;5;3;3;5
1552;7;13;18;19;9;20;12;15;18;4;7;6
1553;8;16;5;23;0;1;8;11;13;10;8;11
1554;9;25;24;24;23;23;21;18;24;22;25;18
1555;10;7;8;5;16;3;9;9;15;13;12;19
1556;11;14;12;12;2;9;17;19;19;25;21;3
1557;12;9;2;1;1;4;1;2;3;2;1;14
1558;13;1;6;17;13;15;6;0;2;1;22;4
1559;14;24;17;16;20;17;22;20;23;15;14;20
1560;15;17;15;9;3;18;2;0;10;11;10;22
1561;16;21;21;20;24;24;24;6;25;23;15;24
1562;17;22;20;18;12;13;7;12;16;14;13;12
1563;18;5;11;7;11;7;16;0;12;19;20;10
1564;19;3;1;6;4;11;0;17;1;7;2;1
1565;20;23;23;22;21;10;23;16;22;6;23;8
1566;21;4;25;14;19;0;19;8;17;18;5;23
1567;22;8;4;3;6;2;3;0;4;5;4;13
1568;23;12;14;11;14;14;10;4;7;17;16;21
1569;24;2;16;8;10;22;11;10;21;16;24;9
1570;25;11;7;13;17;16;14;13;9;9;17;7
FinishList.End

CompareList.Begin
012=03800
022=05100
019=05300
006=06100
013=07240
002=09300
003=09600
010=09600
008=10500
004=11300
025=11500
015=11600
018=11700
023=11800
007=12000
024=12400
011=12700
005=13400
017=13600
021=15100
020=17300
001=17400
014=18300
016=20100
009=22100
CompareList.End

#W1


#W2

FR.*.W2.Bib12.QU=DSQ

#W3


#W4

FR.*.W4.Bib8.QU=DNF

#W5

FR.*.W5.Bib21.QU=DNF

#W6

FR.*.W6.Bib19.QU=OCS

#W7

FR.*.W7.Bib5.QU=OCS
FR.*.W7.Bib13.QU=RDG/8.4
FR.*.W7.Bib15.QU=OCS
FR.*.W7.Bib18.QU=OCS
FR.*.W7.Bib22.QU=OCS

#W8


#W9


#W10


#W11


EP.IM = Strict
