#Params

DP.StartlistCount = 27
DP.ITCount = 7
DP.RaceCount = 11

#Event Properties

EP.Name = A 2004 470 M
EP.ScoringSystem = Low Point System
EP.Throwouts = 1
EP.DivisionName = 470men
EP.InputMode = Strict
EP.RaceLayout = Finish
EP.NameSchema = NX
EP.FieldMap = SN
EP.FieldCaptions = FN1,LN1,SID,NOC,-,-
EP.FieldCount = 6
EP.NameFieldCount = 0
EP.NameFieldOrder = 
EP.UseFleets = False
EP.TargetFleetSize = 8
EP.FirstFinalRace = 20
EP.IsTimed = False
EP.UseCompactFormat = True

NameList.Begin
NameList.End

StartList.Begin
Pos;SNR;Bib
1;1249;1
2;1251;2
3;1253;3
4;1255;4
5;1257;5
6;1259;6
7;1261;7
8;1263;8
9;1265;9
10;1267;10
11;1269;11
12;1271;12
13;1273;13
14;1275;14
15;1277;15
16;1279;16
17;1281;17
18;1283;18
19;1285;19
20;1287;20
21;1289;21
22;1291;22
23;1293;23
24;1295;24
25;1297;25
26;1299;26
27;1301;27
StartList.End

FinishList.Begin
SNR;Bib;R1;R2;R3;R4;R5;R6;R7;R8;R9;R10;R11
1249;1;26;21;5;1;22;1;11;13;9;23;18
1251;2;12;6;3;3;20;3;4;18;3;26;0
1253;3;5;1;14;19;4;10;17;20;24;9;5
1255;4;16;11;19;5;21;26;22;25;1;7;12
1257;5;23;10;22;13;6;15;26;22;17;27;19
1259;6;14;2;13;7;2;17;15;17;12;13;2
1261;7;17;17;10;11;5;19;10;23;8;11;7
1263;8;2;3;9;4;18;5;2;3;10;19;24
1265;9;9;7;11;9;17;2;24;15;21;20;0
1267;10;15;27;27;0;25;23;23;26;25;21;20
1269;11;11;15;16;14;15;14;19;16;4;16;10
1271;12;19;13;6;8;24;9;5;11;23;12;15
1273;13;21;24;7;12;12;22;13;5;7;8;3
1275;14;3;8;21;18;8;12;1;9;5;17;11
1277;15;6;20;24;25;27;27;25;2;0;2;17
1279;16;4;22;4;16;13;18;6;8;6;22;6
1281;17;27;25;23;23;23;13;14;10;26;25;21
1283;18;24;12;25;2;14;25;7;14;22;18;22
1285;19;22;5;20;21;11;8;9;1;20;1;8
1287;20;8;18;26;17;19;21;16;6;14;14;1
1289;21;13;14;17;6;16;20;8;19;15;6;14
1291;22;7;23;12;10;3;11;27;21;16;10;0
1293;23;18;16;8;22;1;16;12;4;2;3;16
1295;24;20;26;18;20;7;24;21;27;11;15;4
1297;25;25;19;15;24;26;6;20;24;19;5;13
1299;26;10;4;1;0;9;7;18;12;13;24;9
1301;27;1;9;2;15;10;4;3;7;18;4;23
FinishList.End

CompareList.Begin
027=07100
008=07400
014=09000
023=09400
006=09700
016=10100
019=10300
003=10400
026=10600
013=10900
007=11400
002=11900
001=12100
021=12600
012=12800
011=12900
020=13200
009=13200
004=13600
022=13800
018=15700
024=16300
015=17100
025=17400
005=19100
017=20000
010=22800
CompareList.End

#W1


#W2

FR.*.W2.Bib2.QU=DSQ

#W3


#W4

FR.*.W4.Bib10.QU=DNF
FR.*.W4.Bib26.QU=DNF

#W5

FR.*.W5.Bib5.QU=DSQ

#W6


#W7

FR.*.W7.Bib25.QU=DSQ

#W8


#W9

FR.*.W9.Bib15.QU=OCS

#W10


#W11

FR.*.W11.Bib2.QU=OCS
FR.*.W11.Bib9.QU=OCS
FR.*.W11.Bib12.QU=DSQ
FR.*.W11.Bib22.QU=OCS

EP.IM = Strict
