#Params

DP.StartlistCount = 25
DP.ITCount = 7
DP.RaceCount = 11

#Event Properties

EP.Name = A 2004 Europe
EP.ScoringSystem = Low Point System
EP.Throwouts = 1
EP.DivisionName = Europe
EP.InputMode = Strict
EP.RaceLayout = Finish
EP.NameSchema = NX
EP.FieldMap = SN
EP.FieldCaptions = FN,LN,Code,NOC,-,-
EP.FieldCount = 6
EP.NameFieldCount = 0
EP.NameFieldOrder = 
EP.UseFleets = False
EP.TargetFleetSize = 8
EP.FirstFinalRace = 20
EP.IsTimed = False
EP.UseCompactFormat = True

NameList.Begin
NameList.End

StartList.Begin
Pos;SNR;Bib
1;1479;1
2;1480;2
3;1481;3
4;1482;4
5;1483;5
6;1484;6
7;1485;7
8;1486;8
9;1487;9
10;1488;10
11;1489;11
12;1490;12
13;1491;13
14;1492;14
15;1493;15
16;1494;16
17;1495;17
18;1496;18
19;1497;19
20;1498;20
21;1499;21
22;1500;22
23;1501;23
24;1502;24
25;1503;25
StartList.End

FinishList.Begin
SNR;Bib;R1;R2;R3;R4;R5;R6;R7;R8;R9;R10;R11
1479;1;5;2;23;8;13;23;2;11;4;10;9
1480;2;3;7;2;11;9;2;13;8;12;8;24
1481;3;22;20;20;0;21;5;7;7;20;17;15
1482;4;13;1;21;3;16;0;19;20;2;23;16
1483;5;11;21;3;2;12;8;20;0;6;2;5
1484;6;10;14;1;13;1;6;1;6;3;7;10
1485;7;4;6;8;15;8;7;10;3;11;4;25
1486;8;8;10;12;6;10;1;9;2;15;24;14
1487;9;25;18;4;5;5;19;3;14;14;11;6
1488;10;12;9;11;10;7;11;8;5;13;16;13
1489;11;21;15;10;23;20;22;25;22;23;21;4
1490;12;15;22;6;14;2;13;15;9;16;3;3
1491;13;18;13;13;20;18;16;22;19;19;13;1
1492;14;23;11;7;4;17;20;17;18;17;18;18
1493;15;24;17;25;16;23;12;23;10;24;22;23
1494;16;6;5;16;17;6;3;16;0;5;14;11
1495;17;19;8;19;21;15;18;18;13;8;20;2
1496;18;14;4;9;19;4;21;6;4;10;5;17
1497;19;1;3;5;1;19;4;4;1;1;1;12
1498;20;16;19;17;12;22;15;21;12;18;15;20
1499;21;2;25;18;22;24;17;12;0;22;9;21
1500;22;17;23;24;24;25;10;24;17;21;25;22
1501;23;7;24;22;18;14;24;14;21;7;12;8
1502;24;20;16;15;7;11;9;5;15;0;6;7
1503;25;9;12;14;9;3;14;11;16;9;19;19
FinishList.End

CompareList.Begin
019=04700
006=06500
007=07400
002=07500
008=08500
001=08600
005=08800
018=09100
012=09400
010=09600
009=09700
016=09800
024=10800
025=11300
004=13300
014=14400
023=14500
013=14700
017=15100
003=15200
020=16200
021=16900
011=17800
015=19200
022=20400
CompareList.End

#W1


#W2

FR.*.W2.Bib17.QU=DSQ

#W3

FR.*.W3.Bib19.QU=DSQ

#W4

FR.*.W4.Bib3.QU=OCS

#W5


#W6

FR.*.W6.Bib4.QU=DNF
FR.*.W6.Bib6.QU=DSQ

#W7


#W8

FR.*.W8.Bib5.QU=OCS
FR.*.W8.Bib16.QU=OCS
FR.*.W8.Bib21.QU=OCS

#W9

FR.*.W9.Bib24.QU=OCS

#W10


#W11


EP.IM = Strict
