#Params

DP.StartlistCount = 28
DP.ITCount = 0
DP.RaceCount = 10

#Event Properties

EP.Name = Q 2008 Laser Radial
EP.ScoringSystem = Low Point System
EP.Throwouts = 1
EP.DivisionName = LaserRadial
EP.InputMode = Strict
EP.RaceLayout = Finish
EP.NameSchema = NX
EP.FieldMap = SN
EP.FieldCaptions = N1,-,-,NOC,-,-
EP.FieldCount = 6
EP.NameFieldCount = 0
EP.NameFieldOrder = 
EP.ColorMode = Fleet
EP.UseFleets = True
EP.TargetFleetSize = 28
EP.FirstFinalRace = 10
EP.IsTimed = False
EP.UseCompactFormat = True

NameList.Begin
NameList.End

StartList.Begin
Pos;SNR;Bib
1;1000;1
2;1001;2
3;1002;3
4;1003;4
5;1004;5
6;1005;6
7;1006;7
8;1007;8
9;1008;9
10;1009;10
11;1010;11
12;1011;12
13;1012;13
14;1013;14
15;1014;15
16;1015;16
17;1016;17
18;1017;18
19;1018;19
20;1019;20
21;1020;21
22;1021;22
23;1022;23
24;1023;24
25;1024;25
26;1025;26
27;1026;27
28;1027;28
StartList.End

FleetList.Begin
SNR;Bib;R1;R2;R3;R4;R5;R6;R7;R8;R9;R10
1000;1;1;1;1;1;1;1;1;1;1;0
1001;2;1;1;1;1;1;1;1;1;1;0
1002;3;1;1;1;1;1;1;1;1;1;0
1003;4;1;1;1;1;1;1;1;1;1;0
1004;5;1;1;1;1;1;1;1;1;1;0
1005;6;1;1;1;1;1;1;1;1;1;0
1006;7;1;1;1;1;1;1;1;1;1;0
1007;8;1;1;1;1;1;1;1;1;1;0
1008;9;1;1;1;1;1;1;1;1;1;0
1009;10;1;1;1;1;1;1;1;1;1;0
1010;11;1;1;1;1;1;1;1;1;1;1
1011;12;1;1;1;1;1;1;1;1;1;1
1012;13;1;1;1;1;1;1;1;1;1;1
1013;14;1;1;1;1;1;1;1;1;1;1
1014;15;1;1;1;1;1;1;1;1;1;1
1015;16;1;1;1;1;1;1;1;1;1;1
1016;17;1;1;1;1;1;1;1;1;1;1
1017;18;1;1;1;1;1;1;1;1;1;1
1018;19;1;1;1;1;1;1;1;1;1;1
1019;20;1;1;1;1;1;1;1;1;1;1
1020;21;1;1;1;1;1;1;1;1;1;1
1021;22;1;1;1;1;1;1;1;1;1;1
1022;23;1;1;1;1;1;1;1;1;1;1
1023;24;1;1;1;1;1;1;1;1;1;1
1024;25;1;1;1;1;1;1;1;1;1;1
1025;26;1;1;1;1;1;1;1;1;1;1
1026;27;1;1;1;1;1;1;1;1;1;1
1027;28;1;1;1;1;1;1;1;1;1;1
FleetList.End

FinishList.Begin
SNR;Bib;R1;R2;R3;R4;R5;R6;R7;R8;R9;R10
1000;1;4;5;6;5;6;3;15;2;2;2
1001;2;3;13;8;1;1;4;21;6;4;1
1002;3;24;3;10;6;5;2;1;11;6;3
1003;4;6;11;7;19;4;12;8;1;5;4
1004;5;11;1;21;3;0;1;3;10;11;8
1005;6;1;10;16;10;12;6;12;4;18;10
1006;7;22;4;2;2;2;14;14;14;20;9
1007;8;13;6;12;12;22;10;10;8;9;5
1008;9;5;21;11;24;21;5;2;20;12;6
1009;10;2;22;1;22;3;17;18;23;13;7
1010;11;8;9;5;4;19;19;13;21;22;0
1011;12;15;8;9;20;8;15;6;0;23;0
1012;13;27;25;0;13;15;16;7;3;1;0
1013;14;19;19;4;25;9;18;0;5;8;0
1014;15;20;20;19;8;0;7;4;17;14;0
1015;16;25;12;3;15;25;11;9;19;17;0
1016;17;16;23;13;11;7;9;0;25;7;0
1017;18;14;18;14;18;16;8;5;22;24;0
1018;19;17;15;22;9;11;13;16;24;21;0
1019;20;23;17;15;7;13;24;25;18;10;0
1020;21;18;7;20;14;20;21;19;13;16;0
1021;22;10;16;25;21;17;20;20;9;15;0
1022;23;12;24;17;17;10;22;11;15;26;0
1023;24;28;2;23;23;26;25;17;7;19;0
1024;25;21;14;18;26;24;27;26;16;3;0
1025;26;9;26;27;28;14;26;22;12;27;0
1026;27;7;28;26;16;18;23;24;26;28;0
1027;28;26;27;24;27;23;28;23;27;25;0
FinishList.End

CompareList.Begin
001=03700
002=04200
003=05000
004=06200
005=07700
008=09000
007=09000
006=09100
011=09800
012=10400
013=10700
014=10700
009=10900
015=10900
016=11100
017=11100
010=11200
018=11500
019=12400
020=12700
021=12700
022=12800
023=12800
024=14200
025=14800
026=16300
027=16800
028=20200
CompareList.End

#W1


#W2


#W3

FR.*.W3.Bib13.QU=DNF

#W4


#W5

FR.*.W5.Bib5.QU=BFD
FR.*.W5.Bib15.QU=BFD

#W6


#W7

FR.*.W7.Bib14.QU=OCS
FR.*.W7.Bib17.QU=OCS

#W8

FR.*.W8.Bib12.QU=DNS

#W9


#W10

FR.*.W10.Bib11.RV=x
FR.*.W10.Bib12.RV=x
FR.*.W10.Bib13.RV=x
FR.*.W10.Bib14.RV=x
FR.*.W10.Bib15.RV=x
FR.*.W10.Bib16.RV=x
FR.*.W10.Bib17.RV=x
FR.*.W10.Bib18.RV=x
FR.*.W10.Bib19.RV=x
FR.*.W10.Bib20.RV=x
FR.*.W10.Bib21.RV=x
FR.*.W10.Bib22.RV=x
FR.*.W10.Bib23.RV=x
FR.*.W10.Bib24.RV=x
FR.*.W10.Bib25.RV=x
FR.*.W10.Bib26.RV=x
FR.*.W10.Bib27.RV=x
FR.*.W10.Bib28.RV=x

EP.IM = Strict
