#Params

DP.StartlistCount = 19
DP.ITCount = 0
DP.RaceCount = 13

#Event Properties

EP.Name = Q 2008 49er
EP.ScoringSystem = Low Point System
EP.Throwouts = 1
EP.DivisionName = *
EP.InputMode = Strict
EP.RaceLayout = Finish
EP.NameSchema = 
EP.FieldMap = SN
EP.FieldCaptions = N1,N2,-,NOC,-,-
EP.FieldCount = 6
EP.NameFieldCount = 0
EP.NameFieldOrder = 
EP.ColorMode = Fleet
EP.UseFleets = True
EP.TargetFleetSize = 19
EP.FirstFinalRace = 13
EP.IsTimed = False
EP.UseCompactFormat = True

NameList.Begin
NameList.End

StartList.Begin
Pos;SNR;Bib
1;1000;1
2;1001;2
3;1002;3
4;1003;4
5;1004;5
6;1005;6
7;1006;7
8;1007;8
9;1008;9
10;1009;10
11;1010;11
12;1011;12
13;1012;13
14;1013;14
15;1014;15
16;1015;16
17;1016;17
18;1017;18
19;1018;19
StartList.End

FleetList.Begin
SNR;Bib;R1;R2;R3;R4;R5;R6;R7;R8;R9;R10;R11;R12;R13
1000;1;1;1;1;1;1;1;1;1;1;1;1;1;0
1001;2;1;1;1;1;1;1;1;1;1;1;1;1;0
1002;3;1;1;1;1;1;1;1;1;1;1;1;1;0
1003;4;1;1;1;1;1;1;1;1;1;1;1;1;0
1004;5;1;1;1;1;1;1;1;1;1;1;1;1;0
1005;6;1;1;1;1;1;1;1;1;1;1;1;1;0
1006;7;1;1;1;1;1;1;1;1;1;1;1;1;0
1007;8;1;1;1;1;1;1;1;1;1;1;1;1;0
1008;9;1;1;1;1;1;1;1;1;1;1;1;1;0
1009;10;1;1;1;1;1;1;1;1;1;1;1;1;0
1010;11;1;1;1;1;1;1;1;1;1;1;1;1;1
1011;12;1;1;1;1;1;1;1;1;1;1;1;1;1
1012;13;1;1;1;1;1;1;1;1;1;1;1;1;1
1013;14;1;1;1;1;1;1;1;1;1;1;1;1;1
1014;15;1;1;1;1;1;1;1;1;1;1;1;1;1
1015;16;1;1;1;1;1;1;1;1;1;1;1;1;1
1016;17;1;1;1;1;1;1;1;1;1;1;1;1;1
1017;18;1;1;1;1;1;1;1;1;1;1;1;1;1
1018;19;1;1;1;1;1;1;1;1;1;1;1;1;1
FleetList.End

FinishList.Begin
SNR;Bib;R1;R2;R3;R4;R5;R6;R7;R8;R9;R10;R11;R12;R13
1000;1;2;4;10;4;2;3;4;2;9;2;7;8;7
1001;2;3;9;1;1;6;9;3;8;12;17;3;3;4
1002;3;0;1;7;3;1;1;6;4;6;12;2;18;6
1003;4;1;10;17;2;0;5;7;10;3;4;1;2;1
1004;5;15;6;11;6;3;2;2;12;4;5;4;7;2
1005;6;5;14;15;16;5;10;1;1;1;3;8;4;0
1006;7;9;2;14;8;13;7;5;7;7;13;5;1;0
1007;8;10;5;8;9;9;4;12;5;11;1;9;13;8
1008;9;4;3;5;14;14;15;0;3;2;8;11;15;3
1009;10;7;8;4;5;11;13;11;13;14;7;6;17;5
1010;11;12;7;9;11;4;0;10;6;5;11;13;12;0
1011;12;8;17;3;13;8;12;8;9;17;6;14;5;0
1012;13;11;13;18;7;10;8;14;11;13;19;12;11;0
1013;14;13;12;13;10;7;6;16;16;10;18;15;16;0
1014;15;6;11;12;15;0;0;13;15;8;15;10;14;0
1015;16;18;15;6;12;15;14;18;18;16;9;19;6;0
1016;17;14;16;16;18;0;11;9;19;18;10;17;10;0
1017;18;16;18;2;17;12;16;17;14;19;16;16;0;0
1018;19;17;19;19;19;16;17;15;17;15;14;18;9;0
FinishList.End

CompareList.Begin
001=06100
004=06400
005=06600
002=06600
003=07300
006=08900
008=09900
007=09900
009=10000
011=10000
012=10300
010=10900
013=12800
014=13400
015=13900
016=14700
017=15800
018=16300
019=17600
CompareList.End

#W1

FR.*.W1.Bib3.QU=DSQ

#W2


#W3


#W4


#W5

FR.*.W5.Bib4.QU=OCS
FR.*.W5.Bib15.QU=DSQ
FR.*.W5.Bib17.QU=OCS

#W6

FR.*.W6.Bib11.QU=DNS
FR.*.W6.Bib15.QU=OCS

#W7

FR.*.W7.Bib9.QU=OCS

#W8


#W9


#W10


#W11


#W12

FR.*.W12.Bib18.QU=OCS

#W13

FR.*.W13.Bib6.QU=DNF
FR.*.W13.Bib7.QU=DNF
FR.*.W13.Bib11.RV=x
FR.*.W13.Bib12.RV=x
FR.*.W13.Bib13.RV=x
FR.*.W13.Bib14.RV=x
FR.*.W13.Bib15.RV=x
FR.*.W13.Bib16.RV=x
FR.*.W13.Bib17.RV=x
FR.*.W13.Bib18.RV=x
FR.*.W13.Bib19.RV=x

EP.IM = Strict
