#Params

DP.StartlistCount = 16
DP.ITCount = 0
DP.RaceCount = 11

#Event Properties

EP.Name = Q 2008 Star
EP.ScoringSystem = Low Point System
EP.Throwouts = 1
EP.DivisionName = *
EP.InputMode = Strict
EP.RaceLayout = Finish
EP.NameSchema = NX
EP.FieldMap = SN
EP.FieldCaptions = N1,N2,-,NOC,-,-
EP.FieldCount = 6
EP.NameFieldCount = 0
EP.NameFieldOrder = 
EP.ColorMode = Fleet
EP.UseFleets = True
EP.TargetFleetSize = 16
EP.FirstFinalRace = 11
EP.IsTimed = False
EP.UseCompactFormat = True

NameList.Begin
NameList.End

StartList.Begin
Pos;SNR;Bib
1;1000;1
2;1001;2
3;1002;3
4;1003;4
5;1004;5
6;1005;6
7;1006;7
8;1007;8
9;1008;9
10;1009;10
11;1010;11
12;1011;12
13;1012;13
14;1013;14
15;1014;15
16;1015;16
StartList.End

FleetList.Begin
SNR;Bib;R1;R2;R3;R4;R5;R6;R7;R8;R9;R10;R11
1000;1;1;1;1;1;1;1;1;1;1;1;0
1001;2;1;1;1;1;1;1;1;1;1;1;0
1002;3;1;1;1;1;1;1;1;1;1;1;0
1003;4;1;1;1;1;1;1;1;1;1;1;0
1004;5;1;1;1;1;1;1;1;1;1;1;0
1005;6;1;1;1;1;1;1;1;1;1;1;0
1006;7;1;1;1;1;1;1;1;1;1;1;0
1007;8;1;1;1;1;1;1;1;1;1;1;0
1008;9;1;1;1;1;1;1;1;1;1;1;0
1009;10;1;1;1;1;1;1;1;1;1;1;0
1010;11;1;1;1;1;1;1;1;1;1;1;1
1011;12;1;1;1;1;1;1;1;1;1;1;1
1012;13;1;1;1;1;1;1;1;1;1;1;1
1013;14;1;1;1;1;1;1;1;1;1;1;1
1014;15;1;1;1;1;1;1;1;1;1;1;1
1015;16;1;1;1;1;1;1;1;1;1;1;1
FleetList.End

FinishList.Begin
SNR;Bib;R1;R2;R3;R4;R5;R6;R7;R8;R9;R10;R11
1000;1;1;4;15;3;6;1;8;2;1;7;10
1001;2;7;13;3;5;8;2;1;1;2;6;5
1002;3;10;11;6;1;9;10;2;3;3;3;3
1003;4;12;1;5;4;7;6;9;9;8;2;9
1004;5;9;7;9;9;5;5;6;11;4;1;2
1005;6;5;6;8;2;10;9;3;5;9;13;1
1006;7;3;3;10;0;13;3;5;7;7;9;6
1007;8;2;14;1;8;3;8;14;10;6;10;4
1008;9;4;9;2;11;1;12;11;13;5;11;7
1009;10;13;8;12;7;11;7;7;6;13;5;8
1010;11;8;2;4;12;15;15;16;16;10;4;0
1011;12;14;10;11;6;14;4;12;4;12;14;0
1012;13;6;12;7;10;12;13;13;8;11;12;0
1013;14;11;15;13;15;2;11;10;12;14;8;0
1014;15;15;5;14;13;4;14;4;14;15;15;0
1015;16;16;16;16;14;16;16;15;15;16;16;0
FinishList.End

CompareList.Begin
002=04500
003=05300
001=05300
006=05900
005=05900
004=06900
008=07000
007=07200
009=08000
011=08600
012=08700
013=09100
010=09200
014=09600
015=09800
016=14000
CompareList.End

#W1


#W2


#W3


#W4

FR.*.W4.Bib7.QU=OCS

#W5


#W6


#W7


#W8


#W9


#W10


#W11

FR.*.W11.Bib11.RV=x
FR.*.W11.Bib12.RV=x
FR.*.W11.Bib13.RV=x
FR.*.W11.Bib14.RV=x
FR.*.W11.Bib15.RV=x
FR.*.W11.Bib16.RV=x

EP.IM = Strict
