#Params

DP.StartlistCount = 29
DP.ITCount = 0
DP.RaceCount = 11

#Event Properties

EP.Name = Q 2008 470 M
EP.ScoringSystem = Low Point System
EP.Throwouts = 1
EP.DivisionName = LaserRadial
EP.InputMode = Strict
EP.RaceLayout = Finish
EP.NameSchema = NX
EP.FieldMap = SN
EP.FieldCaptions = N1,N2,-,NOC,-,-
EP.FieldCount = 6
EP.NameFieldCount = 0
EP.NameFieldOrder = 
EP.ColorMode = Fleet
EP.UseFleets = True
EP.TargetFleetSize = 29
EP.FirstFinalRace = 11
EP.IsTimed = False
EP.UseCompactFormat = True

NameList.Begin
NameList.End

StartList.Begin
Pos;SNR;Bib
1;1000;1
2;1001;2
3;1002;3
4;1003;4
5;1004;5
6;1005;6
7;1006;7
8;1007;8
9;1008;9
10;1009;10
11;1010;11
12;1011;12
13;1012;13
14;1013;14
15;1014;15
16;1015;16
17;1016;17
18;1017;18
19;1018;19
20;1019;20
21;1020;21
22;1021;22
23;1022;23
24;1023;24
25;1024;25
26;1025;26
27;1026;27
28;1027;28
29;1028;29
StartList.End

FleetList.Begin
SNR;Bib;R1;R2;R3;R4;R5;R6;R7;R8;R9;R10;R11
1000;1;1;1;1;1;1;1;1;1;1;1;0
1001;2;1;1;1;1;1;1;1;1;1;1;0
1002;3;1;1;1;1;1;1;1;1;1;1;0
1003;4;1;1;1;1;1;1;1;1;1;1;0
1004;5;1;1;1;1;1;1;1;1;1;1;0
1005;6;1;1;1;1;1;1;1;1;1;1;0
1006;7;1;1;1;1;1;1;1;1;1;1;0
1007;8;1;1;1;1;1;1;1;1;1;1;0
1008;9;1;1;1;1;1;1;1;1;1;1;0
1009;10;1;1;1;1;1;1;1;1;1;1;0
1010;11;1;1;1;1;1;1;1;1;1;1;1
1011;12;1;1;1;1;1;1;1;1;1;1;1
1012;13;1;1;1;1;1;1;1;1;1;1;1
1013;14;1;1;1;1;1;1;1;1;1;1;1
1014;15;1;1;1;1;1;1;1;1;1;1;1
1015;16;1;1;1;1;1;1;1;1;1;1;1
1016;17;1;1;1;1;1;1;1;1;1;1;1
1017;18;1;1;1;1;1;1;1;1;1;1;1
1018;19;1;1;1;1;1;1;1;1;1;1;1
1019;20;1;1;1;1;1;1;1;1;1;1;1
1020;21;1;1;1;1;1;1;1;1;1;1;1
1021;22;1;1;1;1;1;1;1;1;1;1;1
1022;23;1;1;1;1;1;1;1;1;1;1;1
1023;24;1;1;1;1;1;1;1;1;1;1;1
1024;25;1;1;1;1;1;1;1;1;1;1;1
1025;26;1;1;1;1;1;1;1;1;1;1;1
1026;27;1;1;1;1;1;1;1;1;1;1;1
1027;28;1;1;1;1;1;1;1;1;1;1;1
1028;29;1;1;1;1;1;1;1;1;1;1;1
FleetList.End

FinishList.Begin
SNR;Bib;R1;R2;R3;R4;R5;R6;R7;R8;R9;R10;R11
1000;1;4;7;3;3;3;4;5;16;3;10;1
1001;2;19;5;1;4;9;6;20;0;2;3;3
1002;3;6;3;8;1;6;18;3;14;7;20;6
1003;4;11;15;12;2;8;15;2;8;4;2;7
1004;5;8;2;6;9;13;13;13;4;11;18;4
1005;6;10;4;7;7;2;21;19;6;29;5;5
1006;7;1;20;24;13;10;14;1;9;21;4;2
1007;8;2;8;15;6;11;7;9;0;10;14;10
1008;9;18;6;9;0;12;17;6;7;15;1;8
1009;10;14;14;4;11;19;9;7;0;5;9;9
1010;11;7;10;14;12;0;10;22;12;1;7;0
1011;12;5;26;11;8;5;5;18;3;20;29;0
1012;13;26;12;0;17;15;1;4;1;6;23;0
1013;14;13;16;13;14;0;11;15;2;12;12;0
1014;15;16;18;2;5;0;20;17;13;14;6;0
1015;16;22;1;17;15;1;25;21;15;13;24;0
1016;17;9;0;10;18;4;0;16;10;24;13;0
1017;18;3;11;19;10;18;0;25;20;25;8;0
1018;19;20;9;20;23;17;16;8;24;23;15;0
1019;20;27;21;22;21;24;12;11;11;18;17;0
1020;21;29;27;16;26;16;2;12;17;16;27;0
1021;22;15;17;18;19;0;8;10;19;27;26;0
1022;23;21;23;5;25;7;0;27;26;9;19;0
1023;24;24;19;25;24;14;24;24;5;19;11;0
1024;25;17;24;21;27;20;3;23;25;22;25;0
1025;26;12;0;23;16;21;26;0;22;8;28;0
1026;27;28;22;27;0;25;19;14;23;17;21;0
1027;28;23;13;26;22;22;23;26;21;28;22;0
1028;29;25;25;0;20;23;22;0;18;26;16;0
FinishList.End

CompareList.Begin
001=04400
002=07500
003=07800
004=07800
005=08700
006=09100
011=09500
007=09700
012=10100
008=10200
013=10500
009=10700
014=10800
010=11000
015=11100
016=12900
017=13400
018=13900
019=15100
020=15700
021=15900
022=15900
023=16200
024=16400
025=18000
026=18600
027=19600
028=19800
029=20500
CompareList.End

#W1


#W2

FR.*.W2.Bib17.QU=OCS
FR.*.W2.Bib26.QU=DSQ

#W3

FR.*.W3.Bib13.QU=OCS
FR.*.W3.Bib29.QU=OCS

#W4

FR.*.W4.Bib9.QU=OCS
FR.*.W4.Bib27.QU=DSQ

#W5

FR.*.W5.Bib11.QU=BFD
FR.*.W5.Bib14.QU=BFD
FR.*.W5.Bib15.QU=BFD
FR.*.W5.Bib22.QU=BFD

#W6

FR.*.W6.Bib17.QU=OCS
FR.*.W6.Bib18.QU=OCS
FR.*.W6.Bib23.QU=OCS

#W7

FR.*.W7.Bib26.QU=OCS
FR.*.W7.Bib29.QU=OCS

#W8

FR.*.W8.Bib2.QU=OCS
FR.*.W8.Bib8.QU=OCS
FR.*.W8.Bib10.QU=OCS

#W9


#W10


#W11

FR.*.W11.Bib11.RV=x
FR.*.W11.Bib12.RV=x
FR.*.W11.Bib13.RV=x
FR.*.W11.Bib14.RV=x
FR.*.W11.Bib15.RV=x
FR.*.W11.Bib16.RV=x
FR.*.W11.Bib17.RV=x
FR.*.W11.Bib18.RV=x
FR.*.W11.Bib19.RV=x
FR.*.W11.Bib20.RV=x
FR.*.W11.Bib21.RV=x
FR.*.W11.Bib22.RV=x
FR.*.W11.Bib23.RV=x
FR.*.W11.Bib24.RV=x
FR.*.W11.Bib25.RV=x
FR.*.W11.Bib26.RV=x
FR.*.W11.Bib27.RV=x
FR.*.W11.Bib28.RV=x
FR.*.W11.Bib29.RV=x

EP.IM = Strict
