#Params

DP.StartlistCount = 19
DP.ITCount = 0
DP.RaceCount = 11

#Event Properties

EP.Name = Q 2008 470 W
EP.ScoringSystem = Low Point System
EP.Throwouts = 1
EP.DivisionName = LaserRadial
EP.InputMode = Strict
EP.RaceLayout = Finish
EP.NameSchema = NX
EP.FieldMap = SN
EP.FieldCaptions = N1,N2,-,NOC,-,-
EP.FieldCount = 6
EP.NameFieldCount = 0
EP.NameFieldOrder = 
EP.ColorMode = Fleet
EP.UseFleets = True
EP.TargetFleetSize = 19
EP.FirstFinalRace = 11
EP.IsTimed = False
EP.UseCompactFormat = True

NameList.Begin
NameList.End

StartList.Begin
Pos;SNR;Bib
1;1000;1
2;1001;2
3;1002;3
4;1003;4
5;1004;5
6;1005;6
7;1006;7
8;1007;8
9;1008;9
10;1009;10
11;1010;11
12;1011;12
13;1012;13
14;1013;14
15;1014;15
16;1015;16
17;1016;17
18;1017;18
19;1018;19
StartList.End

FleetList.Begin
SNR;Bib;R1;R2;R3;R4;R5;R6;R7;R8;R9;R10;R11
1000;1;1;1;1;1;1;1;1;1;1;1;0
1001;2;1;1;1;1;1;1;1;1;1;1;0
1002;3;1;1;1;1;1;1;1;1;1;1;0
1003;4;1;1;1;1;1;1;1;1;1;1;0
1004;5;1;1;1;1;1;1;1;1;1;1;0
1005;6;1;1;1;1;1;1;1;1;1;1;0
1006;7;1;1;1;1;1;1;1;1;1;1;0
1007;8;1;1;1;1;1;1;1;1;1;1;0
1008;9;1;1;1;1;1;1;1;1;1;1;0
1009;10;1;1;1;1;1;1;1;1;1;1;0
1010;11;1;1;1;1;1;1;1;1;1;1;1
1011;12;1;1;1;1;1;1;1;1;1;1;1
1012;13;1;1;1;1;1;1;1;1;1;1;1
1013;14;1;1;1;1;1;1;1;1;1;1;1
1014;15;1;1;1;1;1;1;1;1;1;1;1
1015;16;1;1;1;1;1;1;1;1;1;1;1
1016;17;1;1;1;1;1;1;1;1;1;1;1
1017;18;1;1;1;1;1;1;1;1;1;1;1
1018;19;1;1;1;1;1;1;1;1;1;1;1
FleetList.End

FinishList.Begin
SNR;Bib;R1;R2;R3;R4;R5;R6;R7;R8;R9;R10;R11
1000;1;2;2;4;1;9;4;2;5;3;2;9
1001;2;3;1;9;5;2;2;10;7;4;16;5
1002;3;11;16;5;10;7;6;6;2;7;4;1
1003;4;8;13;1;2;8;19;3;1;11;15;2
1004;5;14;7;6;3;6;11;4;19;12;6;3
1005;6;0;8;3;4;15;13;8;3;15;5;4
1006;7;6;4;12;11;11;5;11;11;9;1;7
1007;8;9;0;13;7;1;7;1;13;6;11;8
1008;9;7;6;11;9;5;12;0;8;8;12;6
1009;10;4;5;2;6;13;10;13;17;2;17;10
1010;11;1;11;16;8;17;9;9;9;13;9;0
1011;12;12;12;10;14;4;17;7;6;17;7;0
1012;13;0;3;8;16;12;3;15;18;14;3;0
1013;14;13;15;14;15;14;1;12;10;1;13;0
1014;15;10;14;18;0;19;8;5;14;5;8;0
1015;16;16;18;17;12;10;16;14;4;10;14;0
1016;17;15;9;7;13;3;15;0;15;18;19;0
1017;18;5;10;19;17;16;14;0;12;16;10;0
1018;19;17;17;15;18;18;18;0;16;19;18;0
FinishList.End

CompareList.Begin
001=04300
002=05300
003=06000
004=06600
005=07500
006=08200
007=08300
008=08400
011=08500
012=08900
009=09000
010=09200
013=09200
014=09300
015=10100
016=11300
017=11400
018=11900
019=15600
CompareList.End

#W1

FR.*.W1.Bib6.QU=DSQ
FR.*.W1.Bib13.QU=DSQ

#W2

FR.*.W2.Bib8.QU=DSQ

#W3


#W4

FR.*.W4.Bib15.QU=DSQ

#W5


#W6


#W7

FR.*.W7.Bib9.QU=OCS
FR.*.W7.Bib17.QU=OCS
FR.*.W7.Bib18.QU=OCS
FR.*.W7.Bib19.QU=OCS

#W8


#W9


#W10


#W11

FR.*.W11.Bib11.RV=x
FR.*.W11.Bib12.RV=x
FR.*.W11.Bib13.RV=x
FR.*.W11.Bib14.RV=x
FR.*.W11.Bib15.RV=x
FR.*.W11.Bib16.RV=x
FR.*.W11.Bib17.RV=x
FR.*.W11.Bib18.RV=x
FR.*.W11.Bib19.RV=x

EP.IM = Strict
