#Params

DP.StartlistCount = 26
DP.ITCount = 0
DP.RaceCount = 9

#Event Properties

EP.Name = Q 2008 Finn
EP.ScoringSystem = Low Point System
EP.Throwouts = 1
EP.DivisionName = *
EP.InputMode = Strict
EP.RaceLayout = Finish
EP.NameSchema = NX
EP.FieldMap = SN
EP.FieldCaptions = N1,-,-,NOC,-,-
EP.FieldCount = 6
EP.NameFieldCount = 0
EP.NameFieldOrder = 
EP.ColorMode = Fleet
EP.UseFleets = True
EP.TargetFleetSize = 26
EP.FirstFinalRace = 9
EP.IsTimed = False
EP.UseCompactFormat = True

NameList.Begin
NameList.End

StartList.Begin
Pos;SNR;Bib
1;1000;1
2;1001;2
3;1002;3
4;1003;4
5;1004;5
6;1005;6
7;1006;7
8;1007;8
9;1008;9
10;1009;10
11;1010;11
12;1011;12
13;1012;13
14;1013;14
15;1014;15
16;1015;16
17;1016;17
18;1017;18
19;1018;19
20;1019;20
21;1020;21
22;1021;22
23;1022;23
24;1023;24
25;1024;25
26;1025;26
StartList.End

FleetList.Begin
SNR;Bib;R1;R2;R3;R4;R5;R6;R7;R8;R9
1000;1;1;1;1;1;1;1;1;1;0
1001;2;1;1;1;1;1;1;1;1;0
1002;3;1;1;1;1;1;1;1;1;0
1003;4;1;1;1;1;1;1;1;1;0
1004;5;1;1;1;1;1;1;1;1;0
1005;6;1;1;1;1;1;1;1;1;0
1006;7;1;1;1;1;1;1;1;1;0
1007;8;1;1;1;1;1;1;1;1;0
1008;9;1;1;1;1;1;1;1;1;0
1009;10;1;1;1;1;1;1;1;1;0
1010;11;1;1;1;1;1;1;1;1;1
1011;12;1;1;1;1;1;1;1;1;1
1012;13;1;1;1;1;1;1;1;1;1
1013;14;1;1;1;1;1;1;1;1;1
1014;15;1;1;1;1;1;1;1;1;1
1015;16;1;1;1;1;1;1;1;1;1
1016;17;1;1;1;1;1;1;1;1;1
1017;18;1;1;1;1;1;1;1;1;1
1018;19;1;1;1;1;1;1;1;1;1
1019;20;1;1;1;1;1;1;1;1;1
1020;21;1;1;1;1;1;1;1;1;1
1021;22;1;1;1;1;1;1;1;1;1
1022;23;1;1;1;1;1;1;1;1;1
1023;24;1;1;1;1;1;1;1;1;1
1024;25;1;1;1;1;1;1;1;1;1
1025;26;1;1;1;1;1;1;1;1;1
FleetList.End

FinishList.Begin
SNR;Bib;R1;R2;R3;R4;R5;R6;R7;R8;R9
1000;1;10;1;4;1;1;10;2;2;1
1001;2;2;5;2;2;7;8;7;19;6
1002;3;14;17;1;6;12;3;3;5;7
1003;4;5;8;20;3;4;6;4;21;4
1004;5;8;3;7;10;23;5;15;3;8
1005;6;9;11;6;5;3;13;8;10;10
1006;7;7;10;10;8;16;9;1;13;9
1007;8;16;6;12;16;25;4;5;7;2
1008;9;3;2;19;12;10;14;22;12;5
1009;10;12;4;3;14;20;20;0;1;3
1010;11;17;7;14;21;6;12;9;9;0
1011;12;21;19;18;4;9;7;13;6;0
1012;13;6;16;0;7;2;17;14;0;0
1013;14;19;15;16;22;15;2;10;16;0
1014;15;1;0;5;0;18;15;0;8;0
1015;16;11;22;8;17;13;21;11;20;0
1016;17;24;20;17;13;8;18;12;14;0
1017;18;18;9;9;9;19;22;16;22;0
1018;19;23;0;11;19;22;1;0;4;0
1019;20;20;21;13;18;14;19;6;17;0
1020;21;22;13;15;15;17;16;21;15;0
1021;22;13;18;21;11;24;11;17;0;0
1022;23;4;24;23;24;11;24;18;24;0
1023;24;25;23;24;20;5;26;23;11;0
1024;25;15;14;22;25;21;23;19;23;0
1025;26;26;12;25;23;26;25;20;18;0
FinishList.End

CompareList.Begin
001=02300
002=04500
004=05800
003=05800
005=06700
008=07000
006=07200
011=07400
007=07600
012=07600
010=08000
009=08200
013=08900
014=09300
015=10100
016=10100
017=10200
018=10200
019=10700
020=10700
021=11200
022=11500
023=12800
024=13100
025=13700
026=14900
CompareList.End

#W1


#W2

FR.*.W2.Bib15.QU=DNF
FR.*.W2.Bib19.QU=DSQ

#W3

FR.*.W3.Bib13.QU=DNF

#W4

FR.*.W4.Bib15.QU=DNE

#W5


#W6


#W7

FR.*.W7.Bib10.QU=OCS
FR.*.W7.Bib15.QU=DNE
FR.*.W7.Bib19.QU=DSQ

#W8

FR.*.W8.Bib13.QU=OCS
FR.*.W8.Bib22.QU=OCS

#W9

FR.*.W9.Bib11.RV=x
FR.*.W9.Bib12.RV=x
FR.*.W9.Bib13.RV=x
FR.*.W9.Bib14.RV=x
FR.*.W9.Bib15.RV=x
FR.*.W9.Bib16.RV=x
FR.*.W9.Bib17.RV=x
FR.*.W9.Bib18.RV=x
FR.*.W9.Bib19.RV=x
FR.*.W9.Bib20.RV=x
FR.*.W9.Bib21.RV=x
FR.*.W9.Bib22.RV=x
FR.*.W9.Bib23.RV=x
FR.*.W9.Bib24.RV=x
FR.*.W9.Bib25.RV=x
FR.*.W9.Bib26.RV=x

EP.IM = Strict
