#Params

DP.StartlistCount = 27
DP.ITCount = 0
DP.RaceCount = 11

#Event Properties

EP.Name = Q 2008 RSX W
EP.ScoringSystem = Low Point System
EP.Throwouts = 1
EP.DivisionName = *
EP.InputMode = Strict
EP.RaceLayout = Finish
EP.NameSchema = NX
EP.FieldMap = N1
EP.FieldCaptions = N1,-,-,NOC,-,-
EP.FieldCount = 6
EP.NameFieldCount = 0
EP.NameFieldOrder = 
EP.ColorMode = Fleet
EP.UseFleets = True
EP.TargetFleetSize = 27
EP.FirstFinalRace = 11
EP.IsTimed = False
EP.UseCompactFormat = True

NameList.Begin
NameList.End

StartList.Begin
Pos;SNR;Bib
1;1000;1
2;1001;2
3;1002;3
4;1003;4
5;1004;5
6;1005;6
7;1006;7
8;1007;8
9;1008;9
10;1009;10
11;1010;11
12;1011;12
13;1012;13
14;1013;14
15;1014;15
16;1015;16
17;1016;17
18;1017;18
19;1018;19
20;1019;20
21;1020;21
22;1021;22
23;1022;23
24;1023;24
25;1024;25
26;1025;26
27;1026;27
StartList.End

FleetList.Begin
SNR;Bib;R1;R2;R3;R4;R5;R6;R7;R8;R9;R10;R11
1000;1;1;1;1;1;1;1;1;1;1;1;0
1001;2;1;1;1;1;1;1;1;1;1;1;0
1002;3;1;1;1;1;1;1;1;1;1;1;0
1003;4;1;1;1;1;1;1;1;1;1;1;0
1004;5;1;1;1;1;1;1;1;1;1;1;0
1005;6;1;1;1;1;1;1;1;1;1;1;0
1006;7;1;1;1;1;1;1;1;1;1;1;0
1007;8;1;1;1;1;1;1;1;1;1;1;0
1008;9;1;1;1;1;1;1;1;1;1;1;0
1009;10;1;1;1;1;1;1;1;1;1;1;0
1010;11;1;1;1;1;1;1;1;1;1;1;1
1011;12;1;1;1;1;1;1;1;1;1;1;1
1012;13;1;1;1;1;1;1;1;1;1;1;1
1013;14;1;1;1;1;1;1;1;1;1;1;1
1014;15;1;1;1;1;1;1;1;1;1;1;1
1015;16;1;1;1;1;1;1;1;1;1;1;1
1016;17;1;1;1;1;1;1;1;1;1;1;1
1017;18;1;1;1;1;1;1;1;1;1;1;1
1018;19;1;1;1;1;1;1;1;1;1;1;1
1019;20;1;1;1;1;1;1;1;1;1;1;1
1020;21;1;1;1;1;1;1;1;1;1;1;1
1021;22;1;1;1;1;1;1;1;1;1;1;1
1022;23;1;1;1;1;1;1;1;1;1;1;1
1023;24;1;1;1;1;1;1;1;1;1;1;1
1024;25;1;1;1;1;1;1;1;1;1;1;1
1025;26;1;1;1;1;1;1;1;1;1;1;1
1026;27;1;1;1;1;1;1;1;1;1;1;1
FleetList.End

FinishList.Begin
SNR;Bib;R1;R2;R3;R4;R5;R6;R7;R8;R9;R10;R11
1000;1;1;1;1;3;3;13;7;8;8;1;3
1001;2;6;2;9;1;0;3;2;2;5;8;1
1002;3;4;3;11;6;0;6;5;3;1;2;2
1003;4;3;5;5;2;5;11;8;5;4;9;4
1004;5;2;4;3;8;1;8;9;14;6;5;10
1005;6;12;7;12;4;2;4;3;6;13;21;6
1006;7;17;16;17;5;4;2;1;1;3;17;8
1007;8;5;6;14;11;10;1;4;12;12;12;5
1008;9;10;10;6;13;7;12;6;7;14;4;9
1009;10;13;9;20;9;13;14;16;4;9;10;7
1010;11;8;0;10;7;11;19;17;18;7;3;0
1011;12;18;8;8;15;18;17;10;10;2;13;0
1012;13;9;12;4;17;14;18;18;11;10;7;0
1013;14;7;0;2;12;9;10;15;13;21;18;0
1014;15;15;15;16;10;19;5;11;9;15;11;0
1015;16;14;11;7;16;16;16;12;16;11;14;0
1016;17;11;14;13;14;12;15;13;0;18;15;0
1017;18;20;13;15;23;6;7;21;17;16;20;0
1018;19;21;18;21;18;20;9;14;15;22;6;0
1019;20;16;17;18;24;8;22;19;23;23;23;0
1020;21;19;22;23;22;15;23;25;22;20;16;0
1021;22;22;20;19;21;22;25;26;20;17;19;0
1022;23;23;21;25;25;17;21;20;19;19;26;0
1023;24;24;23;24;19;21;20;22;21;25;24;0
1024;25;27;19;27;20;23;26;23;0;24;27;0
1025;26;25;24;22;26;24;27;0;0;26;22;0
1026;27;26;25;26;27;0;24;24;0;27;25;0
FinishList.End

CompareList.Begin
001=03900
002=04000
003=04500
004=05400
005=06600
006=07500
007=08200
008=08300
009=09300
011=10000
012=10100
013=10200
014=10700
015=10700
010=11100
016=11700
017=12500
018=13500
019=14200
020=16900
021=18200
022=18500
023=19000
024=19800
025=21600
026=22400
027=23200
CompareList.End

#W1


#W2

FR.*.W2.Bib11.QU=DSQ
FR.*.W2.Bib14.QU=DSQ

#W3


#W4


#W5

FR.*.W5.Bib2.QU=DSQ
FR.*.W5.Bib3.QU=OCS
FR.*.W5.Bib27.QU=OCS

#W6


#W7

FR.*.W7.Bib26.QU=DNF

#W8

FR.*.W8.Bib17.QU=DNF
FR.*.W8.Bib25.QU=DNF
FR.*.W8.Bib26.QU=DNF
FR.*.W8.Bib27.QU=DNF

#W9


#W10


#W11

FR.*.W11.Bib11.RV=x
FR.*.W11.Bib12.RV=x
FR.*.W11.Bib13.RV=x
FR.*.W11.Bib14.RV=x
FR.*.W11.Bib15.RV=x
FR.*.W11.Bib16.RV=x
FR.*.W11.Bib17.RV=x
FR.*.W11.Bib18.RV=x
FR.*.W11.Bib19.RV=x
FR.*.W11.Bib20.RV=x
FR.*.W11.Bib21.RV=x
FR.*.W11.Bib22.RV=x
FR.*.W11.Bib23.RV=x
FR.*.W11.Bib24.RV=x
FR.*.W11.Bib25.RV=x
FR.*.W11.Bib26.RV=x
FR.*.W11.Bib27.RV=x

EP.IM = Strict
