#Params

DP.StartlistCount = 80
DP.ITCount = 0
DP.RaceCount = 6

#Event Properties

EP.Name = IDM 420 1991
EP.ScoringSystem = Bonus Point System
EP.Throwouts = 1
EP.DivisionName = *
EP.InputMode = Strict
EP.RaceLayout = Finish
EP.NameSchema = NX
EP.FieldMap = SN
EP.FieldCaptions = 
EP.FieldCount = 6
EP.NameFieldCount = 0
EP.NameFieldOrder = 
EP.ShowCupColumn = True
EP.UseFleets = False
EP.TargetFleetSize = 8
EP.FirstFinalRace = 20
EP.IsTimed = False
EP.UseCompactFormat = True
EP.Uniqua.Faktor = 1.45
EP.Uniqua.Enabled  = False
EP.Uniqua.Gesegelt = 6
EP.Uniqua.Gemeldet = 80
EP.Uniqua.Gezeitet = 71

NameList.Begin
NameList.End

StartList.Begin
Pos;SNR;Bib
1;46608;1
2;44902;2
3;46411;3
4;45331;4
5;45003;5
6;46594;6
7;45435;7
8;45434;8
9;45199;9
10;46016;10
11;46517;11
12;46475;12
13;42777;13
14;45439;14
15;46467;15
16;45953;16
17;46310;17
18;45950;18
19;45451;19
20;46597;20
21;44968;21
22;45940;22
23;45996;23
24;45690;24
25;44994;25
26;46523;26
27;46409;27
28;45453;28
29;46410;29
30;44455;30
31;45991;31
32;44456;32
33;45333;33
34;46015;34
35;45185;35
36;46521;36
37;41152;37
38;45090;38
39;46580;39
40;43113;40
41;45687;41
42;45411;42
43;46609;43
44;44318;44
45;44955;45
46;44961;46
47;45369;47
48;44897;48
49;42783;49
50;46193;50
51;45087;51
52;42286;52
53;45684;53
54;46312;54
55;44423;55
56;46562;56
57;45686;57
58;44941;58
59;42646;59
60;45251;60
61;45949;61
62;44430;62
63;45396;63
64;46600;64
65;45944;65
66;44624;66
67;43987;67
68;39835;68
69;46742;69
70;41318;70
71;44457;71
72;44223;72
73;33159;73
74;44942;74
75;40733;75
76;45954;76
77;45719;77
78;45082;78
79;1;79
80;43917;80
StartList.End

FinishList.Begin
SNR;Bib;R1;R2;R3;R4;R5;R6
46608;1;2;1;2;2;4;0
44902;2;4;6;3;1;3;0
46411;3;12;12;1;5;6;3
45331;4;20;2;0;4;2;4
45003;5;5;8;5;7;13;8
46594;6;6;3;23;8;14;11
45435;7;1;31;9;39;5;5
45434;8;35;14;6;20;7;2
45199;9;31;5;11;3;27;7
46016;10;13;18;55;31;1;1
46517;11;9;21;19;9;11;21
46475;12;3;17;16;25;22;19
42777;13;11;35;14;16;16;18
45439;14;8;13;20;22;23;16
46467;15;25;27;4;26;8;0
45953;16;33;10;15;12;18;0
46310;17;37;4;24;21;34;9
45950;18;14;23;10;11;41;33
45451;19;7;9;29;6;0;45
46597;20;16;7;8;48;43;36
44968;21;32;11;13;23;33;0
45940;22;0;26;31;17;31;10
45996;23;10;43;0;32;21;13
45690;24;22;22;17;40;20;51
44994;25;18;33;26;33;38;14
46523;26;27;28;21;55;46;12
46409;27;34;25;34;18;48;29
45453;28;0;24;39;13;39;27
46410;29;0;20;30;28;42;23
44455;30;0;52;22;30;35;6
45991;31;39;16;18;29;51;0
44456;32;45;34;36;15;53;24
45333;33;19;42;48;46;15;34
46015;34;15;39;58;41;19;42
45185;35;23;19;27;0;57;31
46521;36;21;37;0;0;9;20
41152;37;26;32;53;45;36;30
45090;38;40;0;0;10;24;15
46580;39;46;0;45;50;12;17
43113;40;17;47;51;19;54;38
45687;41;30;29;41;0;26;52
45411;42;54;30;59;47;25;25
46609;43;47;50;33;27;62;26
44318;44;36;51;28;0;47;22
44955;45;29;41;46;51;30;40
44961;46;48;44;32;24;60;50
45369;47;0;15;37;36;37;0
44897;48;44;61;25;37;61;39
42783;49;38;49;56;53;50;28
46193;50;55;46;44;34;56;44
45087;51;42;45;60;56;49;35
42286;52;53;57;42;43;52;37
45684;53;0;58;40;0;10;43
46312;54;0;36;35;35;45;0
44423;55;0;53;50;38;44;47
46562;56;49;56;38;44;55;49
45686;57;28;40;7;0;0;0
44941;58;43;62;0;54;40;41
42646;59;60;64;49;52;32;48
45251;60;41;54;43;0;28;0
45949;61;57;48;0;0;29;32
44430;62;50;55;57;49;58;46
45396;63;52;38;52;42;0;0
46600;64;0;0;12;14;0;0
45944;65;24;0;0;0;17;0
44624;66;59;59;0;58;63;53
43987;67;56;60;47;0;0;0
39835;68;61;65;61;0;59;0
46742;69;58;63;54;0;0;0
41318;70;51;0;0;57;0;0
44457;71;0;66;0;0;0;0
44223;72;0;0;0;0;0;0
33159;73;0;0;0;0;0;0
44942;74;0;0;0;0;0;0
40733;75;0;0;0;0;0;0
45954;76;0;0;0;0;0;0
45719;77;0;0;0;0;0;0
45082;78;0;0;0;0;0;0
1;79;0;0;0;0;0;0
43917;80;0;0;0;0;0;0
FinishList.End

CompareList.Begin
001=01700
002=03110
003=04540
004=04800
005=06100
006=06840
007=07200
008=07370
009=07870
010=08000
011=09900
012=10370
013=10500
014=10900
015=11800
016=11800
017=12000
018=12100
019=12570
020=14000
021=14200
022=14500
023=14900
024=15100
025=15400
026=16400
027=17000
028=17200
029=17300
030=17470
031=18300
032=18400
033=18600
034=18600
035=18700
036=19700
038=19900
037=19900
039=20000
040=20200
041=20800
042=21100
043=21300
044=21400
045=21600
046=22800
047=23500
048=23600
049=24800
050=25300
051=25700
052=25700
053=26100
054=26100
055=26200
057=26500
056=26500
058=27000
059=27100
060=27600
061=27600
062=28700
063=29400
064=29600
065=31100
066=32200
067=35300
068=35600
069=36500
070=37800
071=41600
072=43000
073=43000
074=43000
075=43000
076=43000
077=43000
078=43000
079=43000
080=43000
CompareList.End

#W1

FR.*.W1.Bib22.QU=DNF
FR.*.W1.Bib28.QU=DNF
FR.*.W1.Bib29.QU=DSQ
FR.*.W1.Bib30.QU=DSQ
FR.*.W1.Bib47.QU=DSQ
FR.*.W1.Bib53.QU=DNF
FR.*.W1.Bib54.QU=DNF
FR.*.W1.Bib55.QU=DSQ
FR.*.W1.Bib64.QU=DSQ
FR.*.W1.Bib71.QU=DNF
FR.*.W1.Bib72.QU=DNS
FR.*.W1.Bib73.QU=DNS
FR.*.W1.Bib74.QU=DSQ
FR.*.W1.Bib75.QU=DSQ
FR.*.W1.Bib76.QU=DNS
FR.*.W1.Bib77.QU=DNS
FR.*.W1.Bib78.QU=DNS
FR.*.W1.Bib79.QU=DSQ
FR.*.W1.Bib80.QU=DSQ

#W2

FR.*.W2.Bib38.QU=DNF
FR.*.W2.Bib39.QU=DNS
FR.*.W2.Bib64.QU=DNF
FR.*.W2.Bib65.QU=DNF
FR.*.W2.Bib70.QU=DNF
FR.*.W2.Bib72.QU=DNS
FR.*.W2.Bib73.QU=DNS
FR.*.W2.Bib74.QU=DSQ
FR.*.W2.Bib75.QU=DSQ
FR.*.W2.Bib76.QU=DNS
FR.*.W2.Bib77.QU=DNS
FR.*.W2.Bib78.QU=DNS
FR.*.W2.Bib79.QU=DSQ
FR.*.W2.Bib80.QU=DSQ

#W3

FR.*.W3.Bib4.QU=DNS
FR.*.W3.Bib23.QU=DNF
FR.*.W3.Bib36.QU=DNF
FR.*.W3.Bib38.QU=DNF
FR.*.W3.Bib58.QU=DNF
FR.*.W3.Bib61.QU=DNF
FR.*.W3.Bib65.QU=DNF
FR.*.W3.Bib66.QU=DNF
FR.*.W3.Bib70.QU=DSQ
FR.*.W3.Bib71.QU=DNF
FR.*.W3.Bib72.QU=DNS
FR.*.W3.Bib73.QU=DNS
FR.*.W3.Bib74.QU=DSQ
FR.*.W3.Bib75.QU=DSQ
FR.*.W3.Bib76.QU=DNS
FR.*.W3.Bib77.QU=DNS
FR.*.W3.Bib78.QU=DNS
FR.*.W3.Bib79.QU=DSQ
FR.*.W3.Bib80.QU=DSQ

#W4

FR.*.W4.Bib35.QU=DNF
FR.*.W4.Bib36.QU=DNF
FR.*.W4.Bib41.QU=DNF
FR.*.W4.Bib44.QU=DNS
FR.*.W4.Bib53.QU=DNF
FR.*.W4.Bib57.QU=DNS
FR.*.W4.Bib60.QU=DNS
FR.*.W4.Bib61.QU=DNS
FR.*.W4.Bib65.QU=DNS
FR.*.W4.Bib67.QU=DNS
FR.*.W4.Bib68.QU=DNS
FR.*.W4.Bib69.QU=DNF
FR.*.W4.Bib71.QU=DNS
FR.*.W4.Bib72.QU=DNS
FR.*.W4.Bib73.QU=DNS
FR.*.W4.Bib74.QU=DSQ
FR.*.W4.Bib75.QU=DSQ
FR.*.W4.Bib76.QU=DNS
FR.*.W4.Bib77.QU=DNS
FR.*.W4.Bib78.QU=DNS
FR.*.W4.Bib79.QU=DSQ
FR.*.W4.Bib80.QU=DSQ

#W5

FR.*.W5.Bib19.QU=DNF
FR.*.W5.Bib57.QU=DNS
FR.*.W5.Bib63.QU=DNS
FR.*.W5.Bib64.QU=DNS
FR.*.W5.Bib67.QU=DNS
FR.*.W5.Bib69.QU=DNS
FR.*.W5.Bib70.QU=DNS
FR.*.W5.Bib71.QU=DNS
FR.*.W5.Bib72.QU=DNS
FR.*.W5.Bib73.QU=DNS
FR.*.W5.Bib74.QU=DNS
FR.*.W5.Bib75.QU=DNS
FR.*.W5.Bib76.QU=DNS
FR.*.W5.Bib77.QU=DNS
FR.*.W5.Bib78.QU=DNS
FR.*.W5.Bib79.QU=DNS
FR.*.W5.Bib80.QU=DNS

#W6

FR.*.W6.Bib1.QU=DNS
FR.*.W6.Bib2.QU=DNS
FR.*.W6.Bib15.QU=DSQ
FR.*.W6.Bib16.QU=DNF
FR.*.W6.Bib21.QU=DNF
FR.*.W6.Bib31.QU=DNS
FR.*.W6.Bib47.QU=DNF
FR.*.W6.Bib54.QU=DSQ
FR.*.W6.Bib57.QU=DNS
FR.*.W6.Bib60.QU=DNS
FR.*.W6.Bib63.QU=DNS
FR.*.W6.Bib64.QU=DNS
FR.*.W6.Bib65.QU=DNS
FR.*.W6.Bib67.QU=DNS
FR.*.W6.Bib68.QU=DNS
FR.*.W6.Bib69.QU=DNS
FR.*.W6.Bib70.QU=DNS
FR.*.W6.Bib71.QU=DNS
FR.*.W6.Bib72.QU=DNS
FR.*.W6.Bib73.QU=DNS
FR.*.W6.Bib74.QU=DNS
FR.*.W6.Bib75.QU=DNS
FR.*.W6.Bib76.QU=DNS
FR.*.W6.Bib77.QU=DNS
FR.*.W6.Bib78.QU=DNS
FR.*.W6.Bib79.QU=DNS
FR.*.W6.Bib80.QU=DNS

EP.IM = Strict
