#Params

DP.StartlistCount = 85
DP.ITCount = 0
DP.RaceCount = 6

#Event Properties

EP.Name = IDM 420 1997
EP.ScoringSystem = Low Point System
EP.Throwouts = 1
EP.DivisionName = 420
EP.InputMode = Strict
EP.RaceLayout = Finish
EP.NameSchema = NX
EP.FieldMap = SN
EP.FieldCaptions = 
EP.FieldCount = 6
EP.NameFieldCount = 0
EP.NameFieldOrder = 
EP.ShowCupColumn = True
EP.UseFleets = False
EP.TargetFleetSize = 8
EP.FirstFinalRace = 20
EP.IsTimed = False
EP.UseCompactFormat = True
EP.Uniqua.Faktor = 1.45
EP.Uniqua.Enabled  = False
EP.Uniqua.Gesegelt = 6
EP.Uniqua.Gemeldet = 85
EP.Uniqua.Gezeitet = 84

NameList.Begin
NameList.End

StartList.Begin
Pos;SNR;Bib
1;48918;1
2;49118;2
3;48919;3
4;47013;4
5;48454;5
6;48897;6
7;48886;7
8;47873;8
9;47377;9
10;48667;10
11;47879;11
12;48856;12
13;47872;13
14;48302;14
15;48839;15
16;48300;16
17;48889;17
18;48510;18
19;47876;19
20;46905;20
21;49095;21
22;48189;22
23;48449;23
24;48107;24
25;47616;25
26;48208;26
27;48265;27
28;43826;28
29;47912;29
30;48521;30
31;48808;31
32;47877;32
33;47260;33
34;47052;34
35;48514;35
36;48297;36
37;48190;37
38;46974;38
39;48283;39
40;48917;40
41;48106;41
42;48119;42
43;48644;43
44;48301;44
45;47820;45
46;48852;46
47;47729;47
48;48253;48
49;47783;49
50;48291;50
51;46973;51
52;48040;52
53;47615;53
54;47248;54
55;49096;55
56;48494;56
57;48985;57
58;47465;58
59;48891;59
60;48816;60
61;48294;61
62;47865;62
63;48888;63
64;47868;64
65;47614;65
66;47538;66
67;48256;67
68;48977;68
69;47728;69
70;49052;70
71;48295;71
72;48257;72
73;47780;73
74;47733;74
75;48111;75
76;49097;76
77;46968;77
78;48113;78
79;48982;79
80;48498;80
81;48296;81
82;46841;82
83;48522;83
84;46907;84
85;48145;85
StartList.End

FinishList.Begin
SNR;Bib;R1;R2;R3;R4;R5;R6
48918;1;11;1;5;11;1;2
49118;2;1;3;25;3;8;7
48919;3;24;14;1;2;2;10
47013;4;3;5;3;7;18;31
48454;5;4;2;22;21;3;21
48897;6;2;18;0;29;4;1
48886;7;6;29;2;9;23;20
47873;8;10;6;21;16;0;12
47377;9;16;46;4;1;0;5
48667;10;58;9;8;40;11;11
47879;11;23;7;12;13;48;30
48856;12;14;57;0;4;7;4
47872;13;27;34;24;10;6;19
48302;14;12;21;16;27;35;16
48839;15;28;4;9;18;46;39
48300;16;44;35;49;12;14;3
48889;17;32;25;11;25;41;15
48510;18;8;65;27;24;9;43
47876;19;60;15;28;62;5;14
46905;20;33;22;35;0;24;8
49095;21;47;12;48;33;31;6
48189;22;57;33;13;23;34;26
48449;23;62;10;52;14;27;35
48107;24;13;8;43;59;20;55
47616;25;53;20;40;39;33;9
48208;26;36;44;34;69;13;18
48265;27;15;59;17;42;16;0
43826;28;52;47;50;8;22;23
47912;29;21;51;29;75;12;41
48521;30;69;23;42;22;15;54
48808;31;5;27;36;50;40;0
47877;32;35;11;38;49;28;52
47260;33;22;49;0;20;25;45
47052;34;49;71;15;5;0;24
48514;35;76;54;6;47;19;40
48297;36;26;0;7;17;64;57
48190;37;42;16;10;19;0;0
46974;38;7;28;55;46;63;38
48283;39;18;38;18;43;71;62
48917;40;41;31;0;60;17;33
48106;41;65;13;31;61;0;13
48119;42;17;55;0;73;21;17
48644;43;45;79;19;38;56;28
48301;44;25;56;0;30;39;36
47820;45;19;37;61;32;51;50
48852;46;37;17;39;31;70;66
47729;47;51;36;23;36;44;0
48253;48;9;40;0;80;36;32
47783;49;20;61;60;55;32;34
48291;50;46;69;33;28;57;37
46973;51;0;32;62;15;43;58
48040;52;29;52;64;72;42;27
47615;53;40;24;67;68;26;59
47248;54;31;62;37;58;30;69
49096;55;63;74;74;6;47;29
48494;56;74;68;59;51;10;47
48985;57;59;60;14;44;59;61
47465;58;0;39;41;48;49;64
48891;59;75;73;54;53;38;25
48816;60;66;58;47;70;54;22
48294;61;72;26;32;71;52;67
47865;62;67;50;66;35;55;42
48888;63;77;64;45;64;29;51
47868;64;55;53;63;26;60;68
47614;65;68;48;44;63;53;53
47538;66;64;80;26;65;37;70
48256;67;78;19;73;54;72;46
48977;68;43;30;69;79;0;44
47728;69;50;0;65;37;69;49
49052;70;71;66;30;57;62;65
48295;71;61;67;51;66;45;0
48257;72;38;70;58;74;61;60
47780;73;54;45;70;52;66;71
47733;74;56;43;56;76;73;63
48111;75;34;0;20;67;0;0
49097;76;79;72;72;34;67;48
46968;77;80;63;53;83;50;56
48113;78;70;41;68;56;68;0
48982;79;0;76;46;41;58;0
48498;80;73;78;57;45;65;0
48296;81;30;42;0;77;0;0
46841;82;48;77;75;81;0;0
48522;83;39;0;0;78;0;0
46907;84;0;75;71;82;0;0
48145;85;0;0;0;0;0;0
FinishList.End

CompareList.Begin
001=02000
002=02200
003=02900
004=03600
005=05100
006=05400
007=06000
008=06500
009=07200
010=07900
011=08500
012=08600
013=08600
014=09200
015=09800
016=10800
017=10800
018=11100
019=12200
020=12200
021=12900
022=12900
023=13800
024=13900
025=14100
026=14500
027=14900
028=15000
029=15400
030=15600
031=15800
032=16100
033=16100
034=16400
035=16600
036=17100
037=17300
038=17400
039=17900
040=18200
041=18300
042=18300
043=18600
044=18600
045=18900
046=19000
047=19000
048=19700
049=20100
050=20100
051=21000
052=21400
053=21600
054=21800
055=21900
056=23500
057=23600
058=24100
059=24300
060=24700
061=24800
062=24800
063=25300
064=25700
065=26100
066=26200
067=26400
068=26500
069=27000
070=28000
071=28100
072=28700
073=28700
074=29100
075=29300
076=29300
077=30200
078=30300
079=30700
080=31800
081=32100
082=36700
083=37500
084=40000
085=43000
CompareList.End

#W1

FR.*.W1.Bib51.QU=DSQ
FR.*.W1.Bib58.QU=OCS
FR.*.W1.Bib79.QU=OCS
FR.*.W1.Bib84.QU=DNC
FR.*.W1.Bib85.QU=DNC

#W2

FR.*.W2.Bib36.QU=OCS
FR.*.W2.Bib69.QU=DSQ
FR.*.W2.Bib75.QU=OCS
FR.*.W2.Bib83.QU=DNC
FR.*.W2.Bib85.QU=DNC

#W3

FR.*.W3.Bib6.QU=OCS
FR.*.W3.Bib12.QU=OCS
FR.*.W3.Bib33.QU=DSQ
FR.*.W3.Bib40.QU=OCS
FR.*.W3.Bib42.QU=OCS
FR.*.W3.Bib44.QU=OCS
FR.*.W3.Bib48.QU=OCS
FR.*.W3.Bib81.QU=OCS
FR.*.W3.Bib83.QU=DNC
FR.*.W3.Bib85.QU=DNC

#W4

FR.*.W4.Bib20.QU=DSQ
FR.*.W4.Bib85.QU=DNC

#W5

FR.*.W5.Bib8.QU=OCS
FR.*.W5.Bib9.QU=OCS
FR.*.W5.Bib34.QU=OCS
FR.*.W5.Bib37.QU=OCS
FR.*.W5.Bib41.QU=OCS
FR.*.W5.Bib68.QU=OCS
FR.*.W5.Bib75.QU=OCS
FR.*.W5.Bib81.QU=OCS
FR.*.W5.Bib82.QU=DNC
FR.*.W5.Bib83.QU=DNC
FR.*.W5.Bib84.QU=DNC
FR.*.W5.Bib85.QU=DNC

#W6

FR.*.W6.Bib27.QU=OCS
FR.*.W6.Bib31.QU=DNF
FR.*.W6.Bib37.QU=OCS
FR.*.W6.Bib47.QU=DNF
FR.*.W6.Bib71.QU=RDG/58.0
FR.*.W6.Bib75.QU=DNF
FR.*.W6.Bib78.QU=DNC
FR.*.W6.Bib79.QU=DNF
FR.*.W6.Bib80.QU=OCS
FR.*.W6.Bib81.QU=DNC
FR.*.W6.Bib82.QU=DNC
FR.*.W6.Bib83.QU=DNC
FR.*.W6.Bib84.QU=DNC
FR.*.W6.Bib85.QU=DNC

EP.IM = Strict
