#Params

DP.StartlistCount = 88
DP.ITCount = 0
DP.RaceCount = 8

#Event Properties

EP.Name = IDM 420 2004
EP.ScoringSystem = Low Point System
EP.Throwouts = 2
EP.DivisionName = 420
EP.InputMode = Strict
EP.RaceLayout = Finish
EP.NameSchema = NX
EP.FieldMap = SN
EP.FieldCaptions = FN1,LN1,FN2,NOC,-,LN2
EP.FieldCount = 6
EP.NameFieldCount = 0
EP.NameFieldOrder = 
EP.ShowCupColumn = True
EP.UseFleets = False
EP.TargetFleetSize = 8
EP.FirstFinalRace = 20
EP.IsTimed = False
EP.UseCompactFormat = True
EP.Uniqua.Faktor = 1.45
EP.Uniqua.Enabled  = False
EP.Uniqua.Gesegelt = 8
EP.Uniqua.Gemeldet = 88
EP.Uniqua.Gezeitet = 85

NameList.Begin
NameList.End

StartList.Begin
Pos;SNR;Bib
1;51876;1
2;50975;2
3;51429;3
4;51779;4
5;51574;5
6;51169;6
7;51851;7
8;50906;8
9;51345;9
10;51182;10
11;50314;11
12;50390;12
13;51413;13
14;50135;14
15;47612;15
16;51731;16
17;51831;17
18;51184;18
19;49437;19
20;51751;20
21;51342;21
22;50386;22
23;51417;23
24;51860;24
25;51181;25
26;51810;26
27;48229;27
28;51376;28
29;51776;29
30;51861;30
31;51179;31
32;50306;32
33;49395;33
34;50387;34
35;50049;35
36;51575;36
37;50157;37
38;50054;38
39;51757;39
40;51180;40
41;49286;41
42;50510;42
43;51594;43
44;50307;44
45;50385;45
46;49277;46
47;51377;47
48;51733;48
49;50752;49
50;51354;50
51;51597;51
52;51276;52
53;48813;53
54;51430;54
55;51353;55
56;51361;56
57;50904;57
58;50653;58
59;50655;59
60;50669;60
61;51595;61
62;51868;62
63;51170;63
64;51371;64
65;51867;65
66;51596;66
67;51279;67
68;50921;68
69;51877;69
70;51412;70
71;51788;71
72;50911;72
73;51155;73
74;51586;74
75;51156;75
76;51351;76
77;51585;77
78;51161;78
79;51878;79
80;51171;80
81;49888;81
82;51178;82
83;50309;83
84;50507;84
85;51778;85
86;50898;86
87;50903;87
88;48859;88
StartList.End

FinishList.Begin
SNR;Bib;R1;R2;R3;R4;R5;R6;R7;R8
51876;1;0;48;42;35;28;20;7;65
50975;2;19;34;49;25;39;25;39;0
51429;3;26;45;52;24;34;40;13;0
51779;4;49;42;10;29;19;64;52;48
51574;5;15;30;34;48;43;48;29;55
51169;6;43;31;73;41;13;55;17;64
51851;7;0;0;27;32;22;45;37;37
50906;8;21;24;43;37;65;0;25;52
51345;9;0;15;19;64;45;47;30;54
51182;10;35;46;64;30;35;41;47;31
50314;11;29;39;41;63;51;37;43;30
50390;12;62;64;12;45;53;15;0;35
51413;13;56;56;56;61;41;14;35;20
50135;14;47;37;51;22;20;62;50;0
47612;15;39;65;26;40;24;49;49;49
51731;16;40;71;33;42;58;50;5;0
51831;17;34;32;31;49;54;38;44;56
51184;18;63;49;75;80;21;30;10;60
49437;19;0;33;70;56;37;22;51;38
51751;20;41;54;21;74;72;53;27;47
51342;21;58;26;30;0;0;46;46;42
50386;22;22;61;45;33;62;68;32;62
51417;23;45;36;14;75;71;0;41;53
51860;24;44;57;69;27;47;35;0;58
51181;25;60;58;23;50;33;0;0;45
51810;26;53;52;60;72;50;52;23;41
48229;27;17;59;40;62;69;44;0;50
51376;28;0;25;77;36;59;33;0;46
51776;29;48;60;54;44;52;59;48;32
51861;30;32;47;53;67;55;60;0;34
51179;31;38;53;22;0;0;0;33;68
50306;32;51;62;28;76;67;67;42;59
49395;33;36;44;57;31;66;76;0;0
50387;34;61;50;50;59;75;58;34;0
50049;35;55;76;63;51;48;56;0;40
51575;36;0;0;76;55;64;39;55;33
50157;37;54;75;38;70;42;79;61;61
50054;38;72;72;58;46;79;65;40;57
51757;39;0;41;35;66;0;51;57;0
51180;40;57;0;72;68;57;61;0;25
49286;41;66;66;66;82;56;71;60;39
50510;42;59;70;68;54;44;69;0;0
51594;43;0;67;65;53;63;63;0;63
50307;44;70;73;83;79;73;74;54;51
50385;45;69;69;85;65;78;77;56;70
49277;46;71;63;81;78;68;78;53;0
51377;47;0;0;46;69;74;66;0;69
51733;48;67;74;79;71;80;72;62;67
50752;49;68;77;82;73;76;73;59;71
51354;50;65;0;80;77;77;75;58;0
51597;51;46;55;71;0;0;0;0;0
51276;52;73;68;84;81;81;70;0;66
48813;53;0;0;0;0;0;0;0;0
51430;54;0;0;0;0;0;0;0;0
51353;55;0;0;0;0;0;0;0;0
51361;56;8;2;78;4;11;2;2;6
50904;57;6;5;6;1;4;7;15;0
50653;58;4;43;5;16;7;3;9;11
50655;59;10;17;15;11;6;1;1;15
50669;60;25;27;1;15;3;4;0;1
51595;61;24;9;13;8;8;27;3;10
51868;62;3;18;74;2;5;6;38;19
51170;63;7;12;8;7;2;21;26;0
51371;64;27;51;16;5;15;10;14;5
51867;65;12;16;7;38;70;13;16;2
51596;66;1;21;4;10;40;17;19;44
51279;67;2;29;18;3;30;24;18;8
50921;68;11;23;9;12;27;5;0;13
51877;69;5;1;44;21;31;26;20;3
51412;70;23;11;67;20;26;12;11;4
51788;71;9;19;17;52;25;9;8;28
50911;72;30;8;2;13;1;0;0;36
51155;73;37;3;39;47;17;8;0;7
51586;74;20;4;24;6;46;54;45;14
51156;75;64;6;37;26;12;16;31;27
51351;76;33;14;11;14;60;42;24;23
51585;77;13;0;62;18;9;11;0;16
51161;78;31;40;3;19;36;28;28;29
51878;79;14;10;48;60;14;36;0;17
51171;80;52;7;25;39;16;32;0;21
49888;81;0;13;55;9;29;23;12;0
51178;82;16;35;29;58;38;18;0;9
50309;83;0;20;20;28;61;57;4;24
50507;84;42;38;47;17;32;34;6;26
51778;85;28;0;32;43;10;29;36;18
50898;86;0;28;36;23;49;19;22;43
50903;87;50;22;59;34;23;31;0;12
48859;88;18;0;61;57;18;43;21;22
FinishList.End

CompareList.Begin
056=02400
057=02900
058=03900
059=04400
060=04900
061=05100
062=05300
063=05700
064=06500
065=06600
066=07200
067=07300
068=07300
069=07600
070=08100
071=08700
072=09000
073=11100
074=11300
075=11800
076=11900
077=12900
078=13800
079=13900
080=14000
081=14100
082=14500
083=15300
084=15300
085=15300
086=17100
087=17200
088=17900
001=18000
002=18100
003=18200
004=19700
005=19900
006=20000
007=20000
008=20200
009=21000
010=21800
011=21900
012=22200
013=22200
014=22700
015=22700
016=22800
017=22800
018=23300
019=23700
020=24300
021=24800
022=25500
023=26000
024=26800
025=26900
026=27100
027=27200
028=27600
029=27800
030=28100
031=30300
032=30900
033=31000
034=31200
035=31300
036=32200
037=32600
038=33800
039=33900
040=34000
041=35300
042=36400
043=37400
044=39500
045=40600
046=41100
047=41300
048=41300
049=42000
050=43200
051=43900
052=43900
053=53400
054=53400
055=53400
CompareList.End

#W1

FR.*.W1.Bib1.QU=BFD
FR.*.W1.Bib7.QU=BFD
FR.*.W1.Bib9.QU=BFD
FR.*.W1.Bib19.QU=BFD
FR.*.W1.Bib28.QU=BFD
FR.*.W1.Bib36.QU=BFD
FR.*.W1.Bib39.QU=BFD
FR.*.W1.Bib43.QU=BFD
FR.*.W1.Bib47.QU=DNF
FR.*.W1.Bib53.QU=DNC
FR.*.W1.Bib54.QU=DNC
FR.*.W1.Bib55.QU=DNC
FR.*.W1.Bib81.QU=BFD
FR.*.W1.Bib83.QU=BFD
FR.*.W1.Bib86.QU=BFD

#W2

FR.*.W2.Bib7.QU=BFD
FR.*.W2.Bib36.QU=BFD
FR.*.W2.Bib40.QU=BFD
FR.*.W2.Bib47.QU=BFD
FR.*.W2.Bib50.QU=BFD
FR.*.W2.Bib53.QU=DNC
FR.*.W2.Bib54.QU=DNC
FR.*.W2.Bib55.QU=DNC
FR.*.W2.Bib77.QU=BFD
FR.*.W2.Bib85.QU=BFD
FR.*.W2.Bib88.QU=BFD

#W3

FR.*.W3.Bib53.QU=DNC
FR.*.W3.Bib54.QU=DNC
FR.*.W3.Bib55.QU=DNC

#W4

FR.*.W4.Bib21.QU=DNS
FR.*.W4.Bib31.QU=DNC
FR.*.W4.Bib51.QU=DNC
FR.*.W4.Bib53.QU=DNC
FR.*.W4.Bib54.QU=DNC
FR.*.W4.Bib55.QU=DNC

#W5

FR.*.W5.Bib21.QU=DNS
FR.*.W5.Bib31.QU=DNC
FR.*.W5.Bib39.QU=DSQ
FR.*.W5.Bib51.QU=DNC
FR.*.W5.Bib53.QU=DNC
FR.*.W5.Bib54.QU=DNC
FR.*.W5.Bib55.QU=DNC

#W6

FR.*.W6.Bib8.QU=DSQ
FR.*.W6.Bib23.QU=DNS
FR.*.W6.Bib25.QU=BFD
FR.*.W6.Bib31.QU=DNC
FR.*.W6.Bib51.QU=DNC
FR.*.W6.Bib53.QU=DNC
FR.*.W6.Bib54.QU=DNC
FR.*.W6.Bib55.QU=DNC
FR.*.W6.Bib72.QU=BFD

#W7

FR.*.W7.Bib12.QU=BFD
FR.*.W7.Bib24.QU=BFD
FR.*.W7.Bib25.QU=BFD
FR.*.W7.Bib27.QU=BFD
FR.*.W7.Bib28.QU=BFD
FR.*.W7.Bib30.QU=BFD
FR.*.W7.Bib33.QU=BFD
FR.*.W7.Bib35.QU=BFD
FR.*.W7.Bib40.QU=BFD
FR.*.W7.Bib42.QU=BFD
FR.*.W7.Bib43.QU=BFD
FR.*.W7.Bib47.QU=BFD
FR.*.W7.Bib51.QU=DNC
FR.*.W7.Bib52.QU=BFD
FR.*.W7.Bib53.QU=DNC
FR.*.W7.Bib54.QU=DNC
FR.*.W7.Bib55.QU=DNC
FR.*.W7.Bib60.QU=BFD
FR.*.W7.Bib68.QU=BFD
FR.*.W7.Bib72.QU=BFD
FR.*.W7.Bib73.QU=BFD
FR.*.W7.Bib77.QU=BFD
FR.*.W7.Bib79.QU=BFD
FR.*.W7.Bib80.QU=BFD
FR.*.W7.Bib82.QU=BFD
FR.*.W7.Bib87.QU=BFD

#W8

FR.*.W8.Bib2.QU=BFD
FR.*.W8.Bib3.QU=BFD
FR.*.W8.Bib14.QU=BFD
FR.*.W8.Bib16.QU=BFD
FR.*.W8.Bib33.QU=BFD
FR.*.W8.Bib34.QU=BFD
FR.*.W8.Bib39.QU=DNF
FR.*.W8.Bib42.QU=BFD
FR.*.W8.Bib46.QU=DNS
FR.*.W8.Bib50.QU=BFD
FR.*.W8.Bib51.QU=DNC
FR.*.W8.Bib53.QU=DNC
FR.*.W8.Bib54.QU=DNC
FR.*.W8.Bib55.QU=DNC
FR.*.W8.Bib57.QU=BFD
FR.*.W8.Bib63.QU=BFD
FR.*.W8.Bib81.QU=BFD

EP.IM = Strict
