#Params

DP.StartlistCount = 64
DP.ITCount = 0
DP.RaceCount = 10

#Event Properties

EP.Name = C 2007 470 W
EP.ScoringSystem = Low Point System
EP.Throwouts = 1
EP.DivisionName = 470W
EP.InputMode = Strict
EP.RaceLayout = Finish
EP.NameSchema = NX
EP.FieldMap = SN
EP.FieldCaptions = FN1,LN1,Sail,NOC,FN2,LN2
EP.FieldCount = 6
EP.NameFieldCount = 0
EP.NameFieldOrder = 
EP.ColorMode = Fleet
EP.UseFleets = True
EP.TargetFleetSize = 32
EP.FirstFinalRace = 6
EP.IsTimed = False
EP.UseCompactFormat = True

NameList.Begin
NameList.End

StartList.Begin
Pos;SNR;Bib
1;1000;1
2;1001;2
3;1002;3
4;1003;4
5;1004;5
6;1005;6
7;1006;7
8;1007;8
9;1008;9
10;1009;10
11;1010;11
12;1011;12
13;1012;13
14;1013;14
15;1014;15
16;1015;16
17;1016;17
18;1017;18
19;1018;19
20;1019;20
21;1020;21
22;1021;22
23;1022;23
24;1023;24
25;1024;25
26;1025;26
27;1026;27
28;1027;28
29;1028;29
30;1029;30
31;1030;31
32;1031;32
33;1032;33
34;1033;34
35;1034;35
36;1035;36
37;1036;37
38;1037;38
39;1038;39
40;1039;40
41;1040;41
42;1041;42
43;1042;43
44;1043;44
45;1044;45
46;1045;46
47;1046;47
48;1047;48
49;1048;49
50;1049;50
51;1050;51
52;1051;52
53;1052;53
54;1053;54
55;1054;55
56;1055;56
57;1056;57
58;1057;58
59;1058;59
60;1059;60
61;1060;61
62;1061;62
63;1062;63
64;1063;64
StartList.End

FleetList.Begin
SNR;Bib;R1;R2;R3;R4;R5;R6;R7;R8;R9;R10
1000;1;1;1;1;1;1;1;1;1;1;0
1001;2;1;1;1;1;1;1;1;1;1;0
1002;3;1;1;2;1;1;1;1;1;1;0
1003;4;1;1;1;1;1;1;1;1;1;0
1004;5;1;1;1;2;2;1;1;1;1;0
1005;6;2;1;1;2;1;1;1;1;1;0
1006;7;1;1;1;1;1;1;1;1;1;0
1007;8;1;1;2;1;1;1;1;1;1;0
1008;9;2;1;1;1;1;1;1;1;1;0
1009;10;1;1;1;1;1;1;1;1;1;0
1010;11;2;2;2;1;1;1;1;1;1;1
1011;12;1;1;2;1;1;1;1;1;1;1
1012;13;1;2;2;1;1;1;1;1;1;1
1013;14;1;1;2;2;1;1;1;1;1;1
1014;15;1;1;1;2;1;1;1;1;1;1
1015;16;1;2;2;2;1;1;1;1;1;1
1016;17;1;1;1;2;2;1;1;1;1;1
1017;18;2;2;2;2;2;1;1;1;1;1
1018;19;1;1;1;1;1;1;1;1;1;1
1019;20;1;1;2;2;2;1;1;1;1;1
1020;21;2;1;1;1;2;1;1;1;1;1
1021;22;1;1;1;1;2;1;1;1;1;1
1022;23;2;1;1;2;1;1;1;1;1;1
1023;24;2;2;1;2;1;1;1;1;1;1
1024;25;1;1;1;1;2;1;1;1;1;1
1025;26;2;1;2;1;2;1;1;1;1;1
1026;27;2;2;1;1;2;1;1;1;1;1
1027;28;2;1;1;1;2;1;1;1;1;1
1028;29;1;2;2;2;2;1;1;1;1;1
1029;30;1;2;1;2;2;1;1;1;1;1
1030;31;2;2;2;2;2;1;1;1;1;1
1031;32;2;2;2;2;1;1;1;1;1;1
1032;33;2;1;2;2;1;2;2;2;2;2
1033;34;1;1;2;2;1;2;2;2;2;2
1034;35;1;2;1;2;1;2;2;2;2;2
1035;36;2;1;1;1;1;2;2;2;2;2
1036;37;1;1;2;1;1;2;2;2;2;2
1037;38;2;2;1;1;2;2;2;2;2;2
1038;39;1;1;2;2;2;2;2;2;2;2
1039;40;1;1;2;2;2;2;2;2;2;2
1040;41;2;2;2;2;2;2;2;2;2;2
1041;42;2;2;2;1;2;2;2;2;2;2
1042;43;2;1;2;1;2;2;2;2;2;2
1043;44;1;2;1;2;1;2;2;2;2;2
1044;45;1;2;2;2;2;2;2;2;2;2
1045;46;2;2;2;2;1;2;2;2;2;2
1046;47;2;2;2;1;1;2;2;2;2;2
1047;48;2;2;2;2;1;2;2;2;2;2
1048;49;2;2;1;2;2;2;2;2;2;2
1049;50;1;1;2;1;2;2;2;2;2;2
1050;51;1;2;1;1;1;2;2;2;2;2
1051;52;1;2;1;2;1;2;2;2;2;2
1052;53;2;2;1;2;2;2;2;2;2;2
1053;54;2;2;2;1;2;2;2;2;2;2
1054;55;2;2;1;2;2;2;2;2;2;2
1055;56;2;1;2;1;2;2;2;2;2;2
1056;57;2;2;2;1;2;2;2;2;2;2
1057;58;1;2;1;2;2;2;2;2;2;2
1058;59;1;1;2;2;2;2;2;2;2;2
1059;60;2;2;2;1;1;2;2;2;2;2
1060;61;2;2;1;2;1;2;2;2;2;2
1061;62;2;2;1;1;2;2;2;2;2;2
1062;63;2;2;1;1;2;2;2;2;2;2
1063;64;2;2;2;2;2;2;2;2;2;2
FleetList.End

FinishList.Begin
SNR;Bib;R1;R2;R3;R4;R5;R6;R7;R8;R9;R10
1000;1;4;2;1;2;1;1;2;1;1;4
1001;2;5;25;2;1;6;3;1;2;2;8
1002;3;13;1;1;8;3;13;4;7;3;1
1003;4;1;6;10;4;5;2;5;6;9;5
1004;5;3;5;3;2;1;0;11;10;6;7
1005;6;5;3;5;0;8;16;8;5;7;2
1006;7;17;11;6;6;4;11;17;3;4;6
1007;8;6;10;3;9;10;6;9;27;29;3
1008;9;3;9;8;5;11;7;19;14;12;9
1009;10;26;19;4;3;13;10;3;19;11;10
1010;11;26;3;4;13;19;19;6;9;17;2
1011;12;22;4;10;10;9;18;0;4;5;12
1012;13;23;9;5;19;12;14;10;8;14;9
1013;14;18;13;8;6;22;21;14;15;8;1
1014;15;11;7;13;0;2;8;16;12;0;4
1015;16;10;7;13;3;18;24;15;13;21;6
1016;17;8;27;11;8;11;12;13;16;13;15
1017;18;1;5;11;5;10;9;30;0;0;5
1018;19;9;14;7;7;16;17;12;22;26;11
1019;20;16;31;2;1;2;5;7;0;0;0
1020;21;4;12;19;14;22;4;27;0;10;8
1021;22;2;17;21;12;16;22;18;11;16;13
1022;23;11;8;14;14;7;25;24;17;15;16
1023;24;6;17;9;9;28;20;20;29;19;3
1024;25;7;15;15;11;9;29;22;21;22;10
1025;26;2;16;6;16;5;28;28;20;23;19
1026;27;27;12;16;15;3;15;31;18;18;14
1027;28;7;18;18;17;6;30;26;23;24;7
1028;29;15;1;19;17;13;26;23;25;20;17
1029;30;19;15;12;4;18;23;21;26;28;20
1030;31;13;6;0;19;12;31;29;28;27;18
1031;32;28;4;14;10;21;27;25;24;25;0
1032;33;10;20;0;11;14;3;3;2;3;10
1033;34;14;21;9;7;20;12;5;6;9;3
1034;35;24;8;17;13;29;7;2;9;5;4
1035;36;29;22;20;23;15;4;1;1;4;1
1036;37;20;23;0;18;17;9;4;7;2;6
1037;38;9;13;25;24;7;17;17;18;1;2
1038;39;27;24;20;18;15;2;9;4;15;7
1039;40;12;26;15;0;19;11;19;8;8;9
1040;41;16;11;17;27;14;10;15;14;17;17
1041;42;15;27;16;22;17;13;12;20;7;14
1042;43;18;32;0;25;4;25;10;12;6;8
1043;44;25;25;24;23;0;18;7;3;13;5
1044;45;29;20;24;16;20;21;13;11;11;12
1045;46;30;26;7;25;23;19;16;5;22;11
1046;47;14;10;12;28;27;15;11;24;10;0
1047;48;24;23;25;12;24;14;8;17;18;18
1048;49;22;21;23;24;23;8;20;13;19;15
1049;50;30;28;0;20;24;20;6;15;12;13
1050;51;32;22;0;21;26;1;21;16;14;16
1051;52;31;16;22;15;25;23;14;10;16;0
1052;53;8;2;27;20;21;5;27;0;0;0
1053;54;17;18;21;29;8;27;26;19;20;21
1054;55;12;24;0;21;25;26;22;21;21;22
1055;56;19;30;23;27;29;6;18;25;0;20
1056;57;20;14;18;26;27;22;23;22;0;0
1057;58;21;30;26;26;26;28;0;23;23;19
1058;59;28;29;22;22;28;16;25;0;0;0
1059;60;21;19;26;0;31;24;24;0;0;0
1060;61;23;28;0;0;30;29;0;0;0;0
1061;62;25;29;0;0;30;0;0;0;0;0
1062;63;31;0;0;0;0;0;0;0;0;0
1063;64;32;0;0;0;0;0;0;0;0;0
FinishList.End

CompareList.Begin
001=01900
002=03800
003=04200
004=04800
005=05500
006=06100
007=07400
033=07600
034=08500
008=08600
009=08700
035=08900
036=09100
011=09200
012=09400
013=10000
010=10200
014=10400
015=10600
037=10600
016=10600
017=10700
038=10800
018=10900
039=11400
019=11500
020=12000
021=12000
022=12600
023=12600
040=12700
024=13100
041=13100
025=13200
026=13500
042=13600
043=14100
027=14200
044=14300
028=14600
045=14800
029=15000
046=15400
047=15600
030=15800
048=15800
049=16400
031=16450
050=16800
051=16900
052=17200
032=17300
053=17600
054=17700
055=19400
056=19700
057=20500
058=22200
059=23600
060=24400
061=27500
062=28200
063=29700
064=29700
CompareList.End

#W1

FR.*.W1.Bib11.QU=OCS
FR.*.W1.Bib27.QU=OCS
FR.*.W1.Bib32.QU=OCS
FR.*.W1.Bib36.QU=OCS
FR.*.W1.Bib46.QU=OCS
FR.*.W1.Bib63.QU=OCS
FR.*.W1.Bib64.QU=DNC

#W2

FR.*.W2.Bib43.QU=OCS
FR.*.W2.Bib63.QU=DNC
FR.*.W2.Bib64.QU=DNC

#W3

FR.*.W3.Bib31.QU=RDG/12.5
FR.*.W3.Bib33.QU=DSQ
FR.*.W3.Bib37.QU=DNF
FR.*.W3.Bib43.QU=DNF
FR.*.W3.Bib50.QU=DNF
FR.*.W3.Bib51.QU=DNF
FR.*.W3.Bib55.QU=DNF
FR.*.W3.Bib61.QU=DNF
FR.*.W3.Bib62.QU=DNF
FR.*.W3.Bib63.QU=DNC
FR.*.W3.Bib64.QU=DNC

#W4

FR.*.W4.Bib6.QU=DSQ
FR.*.W4.Bib15.QU=DNF
FR.*.W4.Bib40.QU=DNF
FR.*.W4.Bib41.QU=OCS
FR.*.W4.Bib47.QU=OCS
FR.*.W4.Bib54.QU=OCS
FR.*.W4.Bib60.QU=DNF
FR.*.W4.Bib61.QU=DPI/33.0
FR.*.W4.Bib62.QU=DNF
FR.*.W4.Bib63.QU=DNC
FR.*.W4.Bib64.QU=DNC

#W5

FR.*.W5.Bib44.QU=DSQ
FR.*.W5.Bib63.QU=DNF
FR.*.W5.Bib64.QU=DNC

#W6

FR.*.W6.Bib5.QU=DNF
FR.*.W6.Bib62.QU=DNF
FR.*.W6.Bib63.QU=DNF
FR.*.W6.Bib64.QU=DNC

#W7

FR.*.W7.Bib12.QU=DNF
FR.*.W7.Bib58.QU=DNF
FR.*.W7.Bib61.QU=DNF
FR.*.W7.Bib62.QU=DNF
FR.*.W7.Bib63.QU=DNF
FR.*.W7.Bib64.QU=DNC

#W8

FR.*.W8.Bib18.QU=DNF
FR.*.W8.Bib20.QU=DNF
FR.*.W8.Bib21.QU=DNF
FR.*.W8.Bib53.QU=DNF
FR.*.W8.Bib59.QU=DNF
FR.*.W8.Bib60.QU=DNF
FR.*.W8.Bib61.QU=DNF
FR.*.W8.Bib62.QU=DNF
FR.*.W8.Bib63.QU=DNF
FR.*.W8.Bib64.QU=DNC

#W9

FR.*.W9.Bib15.QU=DNF
FR.*.W9.Bib18.QU=DNF
FR.*.W9.Bib20.QU=DNF
FR.*.W9.Bib53.QU=DNF
FR.*.W9.Bib56.QU=DNS
FR.*.W9.Bib57.QU=DNF
FR.*.W9.Bib59.QU=DNF
FR.*.W9.Bib60.QU=DNF
FR.*.W9.Bib61.QU=DNF
FR.*.W9.Bib62.QU=DNF
FR.*.W9.Bib63.QU=DNF
FR.*.W9.Bib64.QU=DNC

#W10

FR.*.W10.Bib20.QU=DNF
FR.*.W10.Bib32.QU=DNE
FR.*.W10.Bib47.QU=DNF
FR.*.W10.Bib52.QU=DNF
FR.*.W10.Bib53.QU=DNC
FR.*.W10.Bib57.QU=DNC
FR.*.W10.Bib59.QU=DNC
FR.*.W10.Bib60.QU=DNC
FR.*.W10.Bib61.QU=DNC
FR.*.W10.Bib62.QU=DNF
FR.*.W10.Bib63.QU=DNC
FR.*.W10.Bib64.QU=DNC

EP.IM = Strict
