#Params

DP.StartlistCount = 49
DP.ITCount = 0
DP.RaceCount = 8

#Event Properties

EP.Name = C 2007 Tornado
EP.ScoringSystem = Low Point System
EP.Throwouts = 1
EP.DivisionName = Tornado
EP.InputMode = Strict
EP.RaceLayout = Finish
EP.NameSchema = NX
EP.FieldMap = SN
EP.FieldCaptions = FN1,LN1,Sail,NOC,FN2,LN2
EP.FieldCount = 6
EP.NameFieldCount = 0
EP.NameFieldOrder = 
EP.UseFleets = False
EP.TargetFleetSize = 32
EP.FirstFinalRace = 20
EP.IsTimed = False
EP.UseCompactFormat = True

NameList.Begin
NameList.End

StartList.Begin
Pos;SNR;Bib
1;1000;1
2;1001;2
3;1002;3
4;1003;4
5;1004;5
6;1005;6
7;1006;7
8;1007;8
9;1008;9
10;1009;10
11;1010;11
12;1011;12
13;1012;13
14;1013;14
15;1014;15
16;1015;16
17;1016;17
18;1017;18
19;1018;19
20;1019;20
21;1020;21
22;1021;22
23;1022;23
24;1023;24
25;1024;25
26;1025;26
27;1026;27
28;1027;28
29;1028;29
30;1029;30
31;1030;31
32;1031;32
33;1032;33
34;1033;34
35;1034;35
36;1035;36
37;1036;37
38;1037;38
39;1038;39
40;1039;40
41;1040;41
42;1041;42
43;1042;43
44;1043;44
45;1044;45
46;1045;46
47;1046;47
48;1047;48
49;1048;49
StartList.End

FinishList.Begin
SNR;Bib;R1;R2;R3;R4;R5;R6;R7;R8
1000;1;9;8;1;11;4;3;6;3
1001;2;5;10;3;3;8;18;5;6
1002;3;15;13;2;5;1;15;3;2
1003;4;19;19;6;4;2;12;2;4
1004;5;38;16;4;2;7;9;17;13
1005;6;20;11;5;1;5;13;25;16
1006;7;17;9;19;7;9;14;1;23
1007;8;2;7;20;14;15;2;23;18
1008;9;3;20;17;22;10;1;7;24
1009;10;23;2;9;8;17;25;15;9
1010;11;16;4;13;19;20;4;10;26
1011;12;7;15;15;31;13;17;21;1
1012;13;21;3;18;13;14;11;11;21
1013;14;4;5;11;28;0;0;18;7
1014;15;12;17;35;12;18;5;20;12
1015;16;11;29;7;24;3;8;29;15
1016;17;24;12;14;10;6;24;9;0
1017;18;13;6;23;29;12;26;12;11
1018;19;1;22;16;26;24;6;28;22
1019;20;18;23;28;16;26;16;4;14
1020;21;29;14;8;20;11;10;27;34
1021;22;8;31;10;9;19;21;22;37
1022;23;34;1;24;38;16;19;19;31
1023;24;14;26;34;15;21;20;16;0
1024;25;6;32;12;21;36;27;32;19
1025;26;10;24;21;33;0;0;8;5
1026;27;26;33;33;6;25;23;30;30
1027;28;33;27;37;36;29;7;0;10
1028;29;27;25;25;34;40;33;13;27
1029;30;28;28;30;39;30;31;14;25
1030;31;31;30;47;32;23;29;24;17
1031;32;22;21;27;18;0;0;0;8
1032;33;37;38;26;35;22;22;33;29
1033;34;25;35;22;41;35;32;38;28
1034;35;32;18;42;23;0;37;35;32
1035;36;36;0;40;27;27;38;36;20
1036;37;45;36;43;17;34;36;34;33
1037;38;42;46;32;25;28;34;31;0
1038;39;35;34;29;37;32;39;37;0
1039;40;44;37;31;45;0;30;26;39
1040;41;40;43;36;30;31;35;41;40
1041;42;39;41;38;40;33;41;40;38
1042;43;0;39;41;48;38;28;39;0
1043;44;41;45;44;47;39;40;43;35
1044;45;0;48;39;42;41;44;42;36
1045;46;30;42;48;43;37;45;0;0
1046;47;43;40;46;44;42;43;44;42
1047;48;46;47;45;46;44;0;45;41
1048;49;47;44;49;0;43;42;46;43
FinishList.End

CompareList.Begin
001=03400
002=04000
003=04100
004=04900
005=06800
006=07100
007=07600
008=07800
009=08000
010=08300
011=08600
012=08900
013=09100
014=09260
015=09600
016=09700
017=09900
018=10300
019=11700
020=11700
021=11900
022=12000
023=14400
024=14600
025=14900
026=15100
027=17300
028=17900
029=18400
030=18600
031=18600
032=19600
033=20400
034=21500
035=21900
036=22400
037=23300
038=23800
039=24300
040=25200
041=25300
042=26900
043=27340
044=28700
045=29200
046=29500
047=29800
048=31400
049=31400
CompareList.End

#W1

FR.*.W1.Bib43.QU=DNF
FR.*.W1.Bib45.QU=DSQ

#W2

FR.*.W2.Bib36.QU=RAF

#W3


#W4

FR.*.W4.Bib49.QU=DNF

#W5

FR.*.W5.Bib14.QU=RDG/19.6
FR.*.W5.Bib26.QU=DNF
FR.*.W5.Bib32.QU=DNF
FR.*.W5.Bib35.QU=DSQ
FR.*.W5.Bib40.QU=OCS

#W6

FR.*.W6.Bib14.QU=DNF
FR.*.W6.Bib26.QU=DNF
FR.*.W6.Bib32.QU=DNF
FR.*.W6.Bib48.QU=DNF

#W7

FR.*.W7.Bib28.QU=DNF
FR.*.W7.Bib32.QU=DSQ
FR.*.W7.Bib46.QU=DNF

#W8

FR.*.W8.Bib17.QU=DNF
FR.*.W8.Bib24.QU=DNF
FR.*.W8.Bib38.QU=DNF
FR.*.W8.Bib39.QU=DNF
FR.*.W8.Bib43.QU=RDG/40.4
FR.*.W8.Bib46.QU=DNF

EP.IM = Strict
