#Params

DP.StartlistCount = 79
DP.ITCount = 0
DP.RaceCount = 13

#Event Properties

EP.Name = C 2007 49er
EP.ScoringSystem = Low Point System
EP.Throwouts = 1
EP.DivisionName = 49er
EP.InputMode = Strict
EP.RaceLayout = Finish
EP.NameSchema = NX
EP.FieldMap = SN
EP.FieldCaptions = FN1,LN1,Sail,NOC,FN2,LN2
EP.FieldCount = 6
EP.NameFieldCount = 0
EP.NameFieldOrder = 
EP.ColorMode = Fleet
EP.UseFleets = True
EP.TargetFleetSize = 20
EP.FirstFinalRace = 9
EP.IsTimed = False
EP.UseCompactFormat = True

NameList.Begin
NameList.End

StartList.Begin
Pos;SNR;Bib
1;1000;1
2;1001;2
3;1002;3
4;1003;4
5;1004;5
6;1005;6
7;1006;7
8;1007;8
9;1008;9
10;1009;10
11;1010;11
12;1011;12
13;1012;13
14;1013;14
15;1014;15
16;1015;16
17;1016;17
18;1017;18
19;1018;19
20;1019;20
21;1020;21
22;1021;22
23;1022;23
24;1023;24
25;1024;25
26;1025;26
27;1026;27
28;1027;28
29;1028;29
30;1029;30
31;1030;31
32;1031;32
33;1032;33
34;1033;34
35;1034;35
36;1035;36
37;1036;37
38;1037;38
39;1038;39
40;1039;40
41;1040;41
42;1041;42
43;1042;43
44;1043;44
45;1044;45
46;1045;46
47;1046;47
48;1047;48
49;1048;49
50;1049;50
51;1050;51
52;1051;52
53;1052;53
54;1053;54
55;1054;55
56;1055;56
57;1056;57
58;1057;58
59;1058;59
60;1059;60
61;1060;61
62;1061;62
63;1062;63
64;1063;64
65;1064;65
66;1065;66
67;1066;67
68;1067;68
69;1068;69
70;1069;70
71;1070;71
72;1071;72
73;1072;73
74;1073;74
75;1074;75
76;1075;76
77;1076;77
78;1077;78
79;1078;79
StartList.End

FleetList.Begin
SNR;Bib;R1;R2;R3;R4;R5;R6;R7;R8;R9;R10;R11;R12;R13
1000;1;1;1;1;1;1;1;1;1;1;1;1;1;0
1001;2;1;1;1;1;1;2;1;1;1;1;1;1;0
1002;3;1;1;1;1;1;1;1;2;1;1;1;1;0
1003;4;1;2;1;1;2;1;2;3;1;1;1;1;0
1004;5;2;1;1;1;2;1;2;2;1;1;1;1;0
1005;6;1;2;1;2;1;2;3;1;1;1;1;1;0
1006;7;2;1;2;2;3;1;4;1;1;1;1;1;0
1007;8;2;2;2;1;1;3;1;1;1;1;1;1;0
1008;9;3;3;3;1;2;4;1;2;1;1;1;1;0
1009;10;1;1;1;1;2;2;1;3;1;1;1;1;0
1010;11;1;2;1;2;3;1;1;1;1;1;1;1;1
1011;12;3;2;2;1;1;1;2;4;1;1;1;1;1
1012;13;2;1;1;3;1;1;3;1;1;1;1;1;1
1013;14;4;3;1;3;4;3;1;4;1;1;1;1;1
1014;15;3;3;2;1;1;2;1;1;1;1;1;1;1
1015;16;2;3;1;4;1;2;2;2;1;1;1;1;1
1016;17;1;2;2;2;2;1;2;1;1;1;1;1;1
1017;18;2;2;2;2;3;2;1;2;1;1;1;1;1
1018;19;1;1;3;2;3;1;1;3;1;1;1;1;1
1019;20;1;1;3;2;2;3;2;1;1;1;1;1;1
1020;21;2;3;3;4;4;2;1;1;1;1;1;1;1
1021;22;3;2;2;1;1;3;3;2;1;1;1;1;1
1022;23;1;4;4;1;1;3;2;2;1;1;1;1;1
1023;24;4;3;3;2;2;1;4;2;1;1;1;1;1
1024;25;3;4;3;3;2;3;1;3;1;1;1;1;1
1025;26;1;3;4;3;3;1;3;3;1;1;1;1;1
1026;27;4;1;3;2;2;4;2;2;1;1;1;1;1
1027;28;2;1;2;3;4;2;3;3;2;2;2;2;2
1028;29;3;1;1;1;1;1;1;3;2;2;2;2;2
1029;30;2;1;2;4;2;4;2;1;2;2;2;2;2
1030;31;2;1;3;3;3;1;2;4;2;2;2;2;2
1031;32;1;2;1;2;4;2;4;4;2;2;2;2;2
1032;33;2;2;4;3;2;3;4;2;2;2;2;2;2
1033;34;1;3;2;2;1;2;3;1;2;2;2;2;2
1034;35;1;1;4;3;3;3;2;2;2;2;2;2;2
1035;36;1;4;2;1;1;4;3;1;2;2;2;2;2
1036;37;3;2;1;4;1;1;4;3;2;2;2;2;2
1037;38;2;4;2;4;1;1;3;4;2;2;2;2;2
1038;39;1;2;4;3;4;2;3;4;2;2;2;2;2
1039;40;3;2;4;3;2;3;2;4;2;2;2;2;2
1040;41;4;1;3;2;1;3;3;1;2;2;2;2;2
1041;42;2;3;2;1;4;4;4;1;2;2;2;2;2
1042;43;3;4;4;1;2;1;2;3;2;2;2;2;2
1043;44;3;3;4;4;3;3;1;4;2;2;2;2;2
1044;45;2;3;3;3;3;4;4;2;2;2;2;2;2
1045;46;1;4;3;4;3;4;4;1;2;2;2;2;2
1046;47;1;4;1;2;4;4;3;3;2;2;2;2;2
1047;48;2;1;2;1;3;4;4;2;2;2;2;2;2
1048;49;4;2;1;2;4;2;1;3;2;2;2;2;2
1049;50;3;3;3;3;4;2;3;2;2;2;2;2;2
1050;51;4;2;4;4;2;3;2;4;2;2;2;2;2
1051;52;3;4;4;4;3;2;4;4;2;2;2;2;2
1052;53;3;4;4;3;2;3;1;4;2;2;2;2;2
1053;54;2;2;2;4;2;3;3;4;3;3;3;3;3
1054;55;4;3;4;4;3;3;2;2;3;3;3;3;3
1055;56;4;3;1;4;3;4;1;2;3;3;3;3;3
1056;57;2;4;3;2;4;1;3;1;3;3;3;3;3
1057;58;4;3;3;2;3;2;4;3;3;3;3;3;3
1058;59;4;4;2;4;2;3;4;4;3;3;3;3;3
1059;60;3;4;3;1;2;2;3;3;3;3;3;3;3
1060;61;4;4;4;3;1;4;4;2;3;3;3;3;3
1061;62;4;4;1;3;3;4;2;3;3;3;3;3;3
1062;63;3;1;2;3;3;4;1;1;3;3;3;3;3
1063;64;3;2;3;2;1;4;2;4;3;3;3;3;3
1064;65;2;1;1;4;4;3;2;3;3;3;3;3;3
1065;66;4;1;4;4;3;2;3;3;3;3;3;3;3
1066;67;1;2;3;1;4;2;4;1;3;3;3;3;3
1067;68;4;2;4;3;3;2;3;2;3;3;3;3;3
1068;69;3;3;2;3;4;1;2;3;3;3;3;3;3
1069;70;2;4;2;4;2;2;1;4;3;3;3;3;3
1070;71;3;3;3;2;3;3;4;3;3;3;3;3;3
1071;72;3;3;3;1;1;3;2;2;3;3;3;3;3
1072;73;4;4;3;3;4;4;4;3;3;3;3;3;3
1073;74;4;3;4;2;4;4;3;4;3;3;3;3;3
1074;75;4;4;1;4;4;4;3;3;3;3;3;3;3
1075;76;4;2;2;2;4;3;3;2;3;3;3;3;3
1076;77;3;3;4;4;2;1;4;4;3;3;3;3;3
1077;78;2;4;4;3;4;4;4;4;3;3;3;3;3
1078;79;4;4;4;4;4;4;4;4;3;3;3;3;3
FleetList.End

FinishList.Begin
SNR;Bib;R1;R2;R3;R4;R5;R6;R7;R8;R9;R10;R11;R12;R13
1000;1;1;2;1;1;4;1;3;1;4;8;1;22;4
1001;2;2;4;2;7;1;1;4;3;6;3;5;11;7
1002;3;9;3;10;3;2;3;1;1;5;24;8;4;5
1003;4;7;3;4;2;1;6;1;1;18;12;6;1;9
1004;5;1;6;3;4;4;12;4;3;15;1;22;10;1
1005;6;5;4;7;7;3;6;1;2;2;17;26;8;2
1006;7;7;1;4;1;1;5;1;6;11;21;16;7;3
1007;8;5;2;2;5;6;1;2;8;16;16;12;2;6
1008;9;5;4;4;12;3;1;9;2;12;4;3;12;8
1009;10;4;5;5;10;2;3;13;2;0;6;2;0;10
1010;11;3;1;0;4;2;17;6;5;3;2;21;5;5
1011;12;1;5;5;6;5;4;3;2;17;9;23;6;12
1012;13;3;10;9;4;8;2;4;10;1;13;0;13;1
1013;14;5;1;6;1;1;6;11;1;24;18;11;21;2
1014;15;7;5;1;8;9;5;7;9;21;5;13;14;3
1015;16;2;2;8;4;7;4;11;5;13;19;17;3;10
1016;17;6;6;3;3;5;7;7;7;14;15;4;18;15
1017;18;6;10;6;6;5;2;0;10;10;14;7;15;6
1018;19;8;11;1;12;4;11;5;3;7;7;20;20;9
1019;20;13;7;3;2;7;2;13;4;8;27;14;25;7
1020;21;8;6;2;1;5;11;10;0;22;11;10;9;13
1021;22;3;7;7;17;10;3;3;6;23;10;9;17;0
1022;23;12;4;4;9;11;5;2;4;0;22;18;16;4
1023;24;3;7;5;8;10;8;4;7;20;26;15;0;8
1024;25;2;2;7;6;6;11;16;7;9;23;19;24;14
1025;26;14;3;1;8;7;9;2;4;19;25;24;23;0
1026;27;2;15;6;9;9;2;6;8;25;20;25;19;11
1027;28;4;9;8;9;4;7;7;6;9;12;3;4;6
1028;29;4;16;13;11;0;14;8;5;6;6;1;1;3
1029;30;9;8;9;9;8;6;5;0;12;3;12;9;5
1030;31;13;12;8;2;6;13;8;3;13;8;9;2;15
1031;32;10;12;14;11;6;12;2;5;0;9;6;8;14
1032;33;10;11;7;7;11;4;3;0;10;15;14;12;7
1033;34;11;11;14;5;15;9;5;14;16;11;4;6;8
1034;35;17;13;2;3;8;0;10;9;1;13;16;10;16
1035;36;0;3;10;15;13;3;11;12;3;14;7;7;21
1036;37;6;8;11;3;16;16;5;9;20;7;10;19;10
1037;38;14;1;11;6;12;10;10;6;18;4;18;16;13
1038;39;15;15;8;5;2;14;8;0;4;2;15;15;18
1039;40;8;9;6;12;0;12;9;4;14;18;8;5;19
1040;41;7;14;9;10;14;7;6;0;15;1;0;21;2
1041;42;11;8;0;0;7;7;6;11;2;5;2;0;0
1042;43;10;7;9;13;14;18;16;10;17;10;5;0;1
1043;44;13;10;5;2;0;9;12;10;7;23;20;14;12
1044;45;12;12;10;11;11;9;8;11;22;17;11;22;4
1045;46;18;10;11;7;3;12;7;0;5;24;13;18;17
1046;47;16;6;15;15;8;5;9;11;19;22;19;0;9
1047;48;15;0;15;14;9;11;9;12;8;19;0;17;11
1048;49;6;16;12;14;0;16;14;8;11;16;17;11;23
1049;50;9;9;14;14;3;10;16;0;24;20;21;13;22
1050;51;4;14;14;12;13;16;14;8;21;21;22;20;20
1051;52;12;12;10;5;0;8;10;0;25;0;0;3;24
1052;53;11;8;3;10;12;14;15;7;23;0;0;0;0
1053;54;17;0;13;10;16;8;14;9;2;2;7;3;0
1054;55;13;0;11;8;12;10;12;0;5;1;2;12;0
1055;56;11;15;16;11;13;4;17;0;4;12;3;2;0
1056;57;16;15;0;0;9;15;12;13;1;9;4;10;0
1057;58;9;14;13;13;14;13;12;0;10;0;5;1;0
1058;59;12;5;12;14;0;13;11;0;9;10;9;15;0
1059;60;14;9;15;16;15;15;13;0;8;13;8;7;0
1060;61;14;13;13;0;18;10;14;0;3;3;1;0;0
1061;62;8;14;18;13;0;14;15;0;18;8;6;8;0
1062;63;16;17;16;15;15;8;18;15;11;18;16;4;0
1063;64;15;17;12;16;17;16;0;0;12;5;11;6;0
1064;65;18;18;17;13;0;15;17;0;7;6;20;5;0
1065;66;1;0;12;15;0;18;15;12;16;11;15;0;0
1066;67;19;0;16;19;0;17;16;16;6;15;14;9;0
1067;68;15;13;0;16;0;0;0;0;15;4;10;16;0
1068;69;17;16;17;0;0;19;18;0;17;7;13;18;0
1069;70;0;16;18;0;17;19;19;0;14;14;12;17;0
1070;71;18;0;0;0;10;18;15;0;13;0;18;11;0
1071;72;0;13;17;18;19;17;19;0;21;16;19;19;0
1072;73;10;11;0;0;10;13;13;0;0;0;0;0;0
1073;74;0;17;15;18;0;15;17;0;0;0;17;13;0
1074;75;16;0;19;0;0;17;19;0;19;0;21;14;0
1075;76;17;18;19;17;0;0;18;0;20;17;0;0;0
1076;77;0;0;0;16;18;20;17;0;0;0;0;0;0
1077;78;0;0;0;0;0;0;0;0;0;0;0;0;0
1078;79;0;0;0;0;0;0;0;0;0;0;0;0;0
FinishList.End

CompareList.Begin
001=03500
002=05200
003=05900
004=06200
005=06500
006=06600
007=06600
008=07300
011=07400
009=07500
012=07500
028=07600
013=07800
010=07980
014=08400
015=08600
016=08600
029=08800
017=09200
030=09500
018=09700
031=09700
019=09800
020=10500
021=10700
032=10900
022=11000
023=11100
033=11100
034=11300
035=11800
036=11900
037=12000
024=12100
038=12100
039=12100
025=12200
054=12200
040=12400
041=12700
042=12800
055=12800
056=12900
043=13000
026=13200
027=13200
044=13500
045=13800
046=14200
057=14600
058=15200
059=15200
047=15400
060=15400
061=15800
048=16100
049=16200
062=16400
063=16900
064=16900
050=17200
051=17700
052=17800
065=17800
053=18400
066=18400
067=18900
068=19400
069=20500
070=20900
071=21400
072=22000
073=22800
074=22900
075=23600
076=24300
077=26300
078=27600
079=27600
CompareList.End

#W1

FR.*.W1.Bib36.QU=DNF
FR.*.W1.Bib70.QU=DNF
FR.*.W1.Bib72.QU=DNF
FR.*.W1.Bib74.QU=DNF
FR.*.W1.Bib77.QU=DNF
FR.*.W1.Bib78.QU=DNS
FR.*.W1.Bib79.QU=DNF

#W2

FR.*.W2.Bib48.QU=DNF
FR.*.W2.Bib54.QU=DSQ
FR.*.W2.Bib55.QU=DNF
FR.*.W2.Bib61.QU=RDG/13.0
FR.*.W2.Bib66.QU=DNF
FR.*.W2.Bib67.QU=DNF
FR.*.W2.Bib71.QU=DNF
FR.*.W2.Bib75.QU=DNS
FR.*.W2.Bib77.QU=DNC
FR.*.W2.Bib78.QU=DNF
FR.*.W2.Bib79.QU=DNF

#W3

FR.*.W3.Bib11.QU=DSQ
FR.*.W3.Bib42.QU=DNF
FR.*.W3.Bib57.QU=DNF
FR.*.W3.Bib68.QU=DNF
FR.*.W3.Bib71.QU=DNF
FR.*.W3.Bib73.QU=DSQ
FR.*.W3.Bib77.QU=DNS
FR.*.W3.Bib78.QU=DNF
FR.*.W3.Bib79.QU=DNF

#W4

FR.*.W4.Bib42.QU=DNF
FR.*.W4.Bib57.QU=DNF
FR.*.W4.Bib61.QU=DSQ
FR.*.W4.Bib69.QU=DNF
FR.*.W4.Bib70.QU=DNF
FR.*.W4.Bib71.QU=DNF
FR.*.W4.Bib73.QU=OCS
FR.*.W4.Bib75.QU=DNF
FR.*.W4.Bib78.QU=DNF
FR.*.W4.Bib79.QU=DNF

#W5

FR.*.W5.Bib29.QU=DNF
FR.*.W5.Bib40.QU=DSQ
FR.*.W5.Bib44.QU=DNF
FR.*.W5.Bib49.QU=DNF
FR.*.W5.Bib52.QU=OCS
FR.*.W5.Bib59.QU=BFD
FR.*.W5.Bib62.QU=DNF
FR.*.W5.Bib65.QU=DNF
FR.*.W5.Bib66.QU=DNF
FR.*.W5.Bib67.QU=DNF
FR.*.W5.Bib68.QU=DNF
FR.*.W5.Bib69.QU=DNS
FR.*.W5.Bib74.QU=DNF
FR.*.W5.Bib75.QU=OCS
FR.*.W5.Bib76.QU=DNF
FR.*.W5.Bib78.QU=DNF
FR.*.W5.Bib79.QU=DNF

#W6

FR.*.W6.Bib35.QU=DNF
FR.*.W6.Bib68.QU=DNF
FR.*.W6.Bib76.QU=DNF
FR.*.W6.Bib78.QU=DNS
FR.*.W6.Bib79.QU=DNF

#W7

FR.*.W7.Bib18.QU=DSQ
FR.*.W7.Bib64.QU=OCS
FR.*.W7.Bib68.QU=DNF
FR.*.W7.Bib78.QU=DNS
FR.*.W7.Bib79.QU=DNF

#W8

FR.*.W8.Bib21.QU=DNF
FR.*.W8.Bib30.QU=DNF
FR.*.W8.Bib33.QU=DNF
FR.*.W8.Bib39.QU=DNF
FR.*.W8.Bib41.QU=DNF
FR.*.W8.Bib46.QU=DNF
FR.*.W8.Bib50.QU=DNF
FR.*.W8.Bib52.QU=DNF
FR.*.W8.Bib55.QU=DNF
FR.*.W8.Bib56.QU=DNF
FR.*.W8.Bib58.QU=DNF
FR.*.W8.Bib59.QU=DNF
FR.*.W8.Bib60.QU=DNF
FR.*.W8.Bib61.QU=DNF
FR.*.W8.Bib62.QU=DNF
FR.*.W8.Bib64.QU=DNF
FR.*.W8.Bib65.QU=DNF
FR.*.W8.Bib68.QU=DNF
FR.*.W8.Bib69.QU=DNF
FR.*.W8.Bib70.QU=DNF
FR.*.W8.Bib71.QU=DNF
FR.*.W8.Bib72.QU=DNF
FR.*.W8.Bib73.QU=DNF
FR.*.W8.Bib74.QU=DNF
FR.*.W8.Bib75.QU=DNF
FR.*.W8.Bib76.QU=DNF
FR.*.W8.Bib77.QU=DNF
FR.*.W8.Bib78.QU=DNF
FR.*.W8.Bib79.QU=DNF

#W9

FR.*.W9.Bib10.QU=DSQ
FR.*.W9.Bib23.QU=DSQ
FR.*.W9.Bib32.QU=DNF
FR.*.W9.Bib73.QU=DNF
FR.*.W9.Bib74.QU=DNF
FR.*.W9.Bib77.QU=DNF
FR.*.W9.Bib78.QU=DNF
FR.*.W9.Bib79.QU=DNF

#W10

FR.*.W10.Bib52.QU=DNF
FR.*.W10.Bib53.QU=DSQ
FR.*.W10.Bib58.QU=DSQ
FR.*.W10.Bib71.QU=DNF
FR.*.W10.Bib73.QU=DNF
FR.*.W10.Bib74.QU=DNF
FR.*.W10.Bib75.QU=DNF
FR.*.W10.Bib77.QU=DNF
FR.*.W10.Bib78.QU=DNF
FR.*.W10.Bib79.QU=DNF

#W11

FR.*.W11.Bib13.QU=DNF
FR.*.W11.Bib41.QU=DSQ
FR.*.W11.Bib48.QU=DNF
FR.*.W11.Bib52.QU=DNF
FR.*.W11.Bib53.QU=DNF
FR.*.W11.Bib73.QU=DNF
FR.*.W11.Bib76.QU=DNF
FR.*.W11.Bib77.QU=DNF
FR.*.W11.Bib78.QU=DNF
FR.*.W11.Bib79.QU=DNF

#W12

FR.*.W12.Bib10.QU=RDG/7.8
FR.*.W12.Bib24.QU=DSQ
FR.*.W12.Bib42.QU=DNF
FR.*.W12.Bib43.QU=DNF
FR.*.W12.Bib47.QU=DNF
FR.*.W12.Bib53.QU=DNF
FR.*.W12.Bib61.QU=DSQ
FR.*.W12.Bib66.QU=DNF
FR.*.W12.Bib73.QU=DNF
FR.*.W12.Bib76.QU=DNF
FR.*.W12.Bib77.QU=DNF
FR.*.W12.Bib78.QU=DNF
FR.*.W12.Bib79.QU=DNF

#W13

FR.*.W13.Bib22.QU=DNF
FR.*.W13.Bib26.QU=DNF
FR.*.W13.Bib42.QU=DNF
FR.*.W13.Bib53.QU=DNF
FR.*.W13.Bib54.QU=DNF
FR.*.W13.Bib55.QU=DNF
FR.*.W13.Bib56.QU=DNF
FR.*.W13.Bib57.QU=DNF
FR.*.W13.Bib58.QU=DNF
FR.*.W13.Bib59.QU=DNF
FR.*.W13.Bib60.QU=DNF
FR.*.W13.Bib61.QU=DNF
FR.*.W13.Bib62.QU=DNF
FR.*.W13.Bib63.QU=DNF
FR.*.W13.Bib64.QU=DNF
FR.*.W13.Bib65.QU=DNF
FR.*.W13.Bib66.QU=DNF
FR.*.W13.Bib67.QU=DNF
FR.*.W13.Bib68.QU=DNF
FR.*.W13.Bib69.QU=DNF
FR.*.W13.Bib70.QU=DNF
FR.*.W13.Bib71.QU=DNF
FR.*.W13.Bib72.QU=DNF
FR.*.W13.Bib73.QU=DNF
FR.*.W13.Bib74.QU=DNF
FR.*.W13.Bib75.QU=DNF
FR.*.W13.Bib76.QU=DNF
FR.*.W13.Bib77.QU=DNF
FR.*.W13.Bib78.QU=DNF
FR.*.W13.Bib79.QU=DNF

EP.IM = Strict
