#Params

DP.StartlistCount = 73
DP.ITCount = 0
DP.RaceCount = 10

#Event Properties

EP.Name = C 2007 RSX W
EP.ScoringSystem = Low Point System
EP.Throwouts = 1
EP.ReorderRAF = False
EP.DivisionName = RSXW
EP.InputMode = Strict
EP.RaceLayout = Finish
EP.NameSchema = NX
EP.FieldMap = SN
EP.FieldCaptions = FN,LN,Sail,NOC
EP.FieldCount = 4
EP.NameFieldCount = 0
EP.NameFieldOrder = 
EP.ColorMode = Fleet
EP.UseFleets = True
EP.TargetFleetSize = 37
EP.FirstFinalRace = 6
EP.IsTimed = False
EP.UseCompactFormat = True

NameList.Begin
NameList.End

StartList.Begin
Pos;SNR;Bib
1;1000;1
2;1001;2
3;1002;3
4;1003;4
5;1004;5
6;1005;6
7;1006;7
8;1007;8
9;1008;9
10;1009;10
11;1010;11
12;1011;12
13;1012;13
14;1013;14
15;1014;15
16;1015;16
17;1016;17
18;1017;18
19;1018;19
20;1019;20
21;1020;21
22;1021;22
23;1022;23
24;1023;24
25;1024;25
26;1025;26
27;1026;27
28;1027;28
29;1028;29
30;1029;30
31;1030;31
32;1031;32
33;1032;33
34;1033;34
35;1034;35
36;1035;36
37;1036;37
38;1037;38
39;1038;39
40;1039;40
41;1040;41
42;1041;42
43;1042;43
44;1043;44
45;1044;45
46;1045;46
47;1046;47
48;1047;48
49;1048;49
50;1049;50
51;1050;51
52;1051;52
53;1052;53
54;1053;54
55;1054;55
56;1055;56
57;1056;57
58;1057;58
59;1058;59
60;1059;60
61;1060;61
62;1061;62
63;1062;63
64;1063;64
65;1064;65
66;1065;66
67;1066;67
68;1067;68
69;1068;69
70;1069;70
71;1070;71
72;1071;72
73;1072;73
StartList.End

FleetList.Begin
SNR;Bib;R1;R2;R3;R4;R5;R6;R7;R8;R9;R10
1000;1;1;1;1;1;1;1;1;1;1;0
1001;2;1;1;1;1;1;1;1;1;1;0
1002;3;1;1;1;2;1;1;1;1;1;0
1003;4;1;1;1;1;1;1;1;1;1;0
1004;5;2;2;1;1;1;1;1;1;1;0
1005;6;1;1;2;1;1;1;1;1;1;0
1006;7;2;1;1;1;2;1;1;1;1;0
1007;8;1;1;2;2;1;1;1;1;1;0
1008;9;1;2;1;1;1;1;1;1;1;0
1009;10;2;1;1;1;1;1;1;1;1;0
1010;11;2;1;1;1;1;1;1;1;1;1
1011;12;1;2;2;1;1;1;1;1;1;1
1012;13;2;2;1;2;2;1;1;1;1;1
1013;14;2;2;2;1;1;1;1;1;1;1
1014;15;1;1;2;2;1;1;1;1;1;1
1015;16;1;1;1;1;2;1;1;1;1;1
1016;17;1;1;1;2;1;1;1;1;1;1
1017;18;1;2;2;1;2;1;1;1;1;1
1018;19;1;1;2;1;2;1;1;1;1;1
1019;20;1;1;2;1;2;1;1;1;1;1
1020;21;1;1;1;2;1;1;1;1;1;1
1021;22;2;2;1;1;2;1;1;1;1;1
1022;23;1;2;1;1;2;1;1;1;1;1
1023;24;2;1;1;2;1;1;1;1;1;1
1024;25;2;2;1;2;1;1;1;1;1;1
1025;26;2;1;2;1;1;1;1;1;1;1
1026;27;1;1;1;2;2;1;1;1;1;1
1027;28;1;2;1;2;2;1;1;1;1;1
1028;29;1;2;2;1;2;1;1;1;1;1
1029;30;2;1;1;2;2;1;1;1;1;1
1030;31;1;2;2;1;1;1;1;1;1;1
1031;32;2;2;2;2;1;1;1;1;1;1
1032;33;2;2;1;2;2;1;1;1;1;1
1033;34;1;1;1;2;2;1;1;1;1;1
1034;35;1;1;2;2;1;1;1;1;1;1
1035;36;2;2;1;1;1;1;1;1;1;1
1036;37;2;1;2;1;1;1;1;1;1;1
1037;38;1;1;1;2;2;2;2;2;2;2
1038;39;2;1;1;2;1;2;2;2;2;2
1039;40;2;1;2;1;2;2;2;2;2;2
1040;41;2;1;1;1;2;2;2;2;2;2
1041;42;1;1;2;2;2;2;2;2;2;2
1042;43;2;2;2;2;2;2;2;2;2;2
1043;44;2;2;2;1;2;2;2;2;2;2
1044;45;1;1;2;2;1;2;2;2;2;2
1045;46;1;2;1;2;2;2;2;2;2;2
1046;47;1;2;2;2;1;2;2;2;2;2
1047;48;2;1;1;1;2;2;2;2;2;2
1048;49;1;2;1;2;2;2;2;2;2;2
1049;50;2;2;1;1;1;2;2;2;2;2
1050;51;2;1;2;1;1;2;2;2;2;2
1051;52;1;1;2;1;2;2;2;2;2;2
1052;53;1;2;2;1;1;2;2;2;2;2
1053;54;1;2;2;1;1;2;2;2;2;2
1054;55;1;2;1;2;2;2;2;2;2;2
1055;56;2;2;2;2;1;2;2;2;2;2
1056;57;2;1;2;2;2;2;2;2;2;2
1057;58;1;2;2;1;2;2;2;2;2;2
1058;59;1;1;1;2;1;2;2;2;2;2
1059;60;2;1;1;2;1;2;2;2;2;2
1060;61;1;2;2;2;2;2;2;2;2;2
1061;62;2;1;1;1;1;2;2;2;2;2
1062;63;2;2;2;2;1;2;2;2;2;2
1063;64;2;2;2;2;2;2;2;2;2;2
1064;65;2;1;1;1;1;2;2;2;2;2
1065;66;2;2;1;2;2;2;2;2;2;2
1066;67;2;2;2;1;2;2;2;2;2;2
1067;68;2;2;1;2;2;2;2;2;2;2
1068;69;2;2;2;2;2;2;2;2;2;2
1069;70;2;1;2;2;1;2;2;2;2;2
1070;71;2;2;2;1;2;2;2;2;2;2
1071;72;1;2;2;2;2;2;2;2;2;2
1072;73;1;2;2;1;2;2;2;2;2;2
FleetList.End

FinishList.Begin
SNR;Bib;R1;R2;R3;R4;R5;R6;R7;R8;R9;R10
1000;1;1;1;6;3;1;8;3;2;2;1
1001;2;2;26;9;2;2;3;1;1;10;8
1002;3;3;6;4;2;14;2;5;18;7;2
1003;4;5;2;7;4;6;5;6;7;24;7
1004;5;1;1;5;8;7;14;0;10;4;5
1005;6;9;7;6;17;4;9;16;3;1;4
1006;7;2;8;2;6;7;15;2;12;12;6
1007;8;0;4;2;3;5;10;19;11;11;3
1008;9;6;2;0;9;8;12;4;5;14;10
1009;10;5;3;1;11;18;1;11;13;20;9
1010;11;3;5;3;1;20;13;14;15;26;12
1011;12;4;4;1;16;12;19;18;0;13;6
1012;13;6;3;12;1;4;4;0;23;0;7
1013;14;4;7;9;10;10;22;12;21;23;4
1014;15;17;15;12;8;16;16;24;4;3;14
1015;16;15;12;10;12;1;23;0;8;25;2
1016;17;7;17;14;4;11;35;7;16;16;16
1017;18;10;5;7;13;12;7;15;30;33;11
1018;19;12;10;14;18;10;17;9;19;0;8
1019;20;16;20;3;5;2;20;20;29;31;5
1020;21;13;11;28;6;3;30;13;9;27;10
1021;22;9;10;11;14;6;25;28;25;8;20
1022;23;14;17;17;20;8;21;30;6;9;19
1023;24;13;14;16;12;15;27;21;26;6;9
1024;25;7;11;0;13;9;11;0;24;18;3
1025;26;10;9;11;7;21;29;22;33;17;13
1026;27;8;29;0;11;11;26;8;17;5;26
1027;28;23;9;18;18;14;31;17;31;15;1
1028;29;19;15;17;24;3;36;23;14;19;15
1029;30;14;13;8;7;16;6;29;0;0;0
1030;31;24;13;4;23;17;24;10;35;28;23
1031;32;23;6;5;20;13;37;27;20;30;24
1032;33;12;8;24;5;18;32;32;32;29;17
1033;34;18;27;21;9;5;33;25;27;32;21
1034;35;21;19;8;16;22;34;26;34;22;18
1035;36;8;14;13;31;25;18;0;22;34;22
1036;37;15;16;13;15;26;28;31;28;21;25
1037;38;29;21;15;15;13;3;4;5;6;1
1038;39;18;28;0;10;19;2;5;1;1;2
1039;40;16;25;15;19;17;6;7;3;8;9
1040;41;19;18;20;21;9;12;6;6;7;4
1041;42;20;23;10;23;26;4;1;17;5;12
1042;43;21;16;21;19;15;16;19;4;4;8
1043;44;17;20;20;22;22;0;8;8;3;3
1044;45;25;24;0;22;24;21;9;7;2;11
1045;46;26;21;25;17;20;5;12;12;9;0
1046;47;22;25;0;24;23;13;16;11;16;7
1047;48;24;22;22;25;19;18;10;15;0;6
1048;49;11;22;19;14;21;1;3;0;0;0
1049;50;0;19;26;27;32;9;14;20;10;15
1050;51;11;30;0;26;27;10;15;9;0;10
1051;52;28;33;18;29;27;23;11;2;0;5
1052;53;30;23;0;30;35;8;13;13;13;13
1053;54;31;30;16;28;29;15;21;18;12;14
1054;55;33;24;27;21;24;14;20;10;11;0
1055;56;20;18;0;27;30;7;2;14;0;0
1056;57;26;31;0;28;25;11;0;24;14;16
1057;58;32;26;0;32;30;20;18;21;0;17
1058;59;34;0;33;0;34;22;17;26;15;19
1059;60;28;0;31;29;28;25;25;23;0;22
1060;61;27;28;0;32;32;26;24;25;0;21
1061;62;0;0;29;33;31;17;23;27;0;18
1062;63;29;31;0;33;33;24;26;28;0;20
1063;64;25;27;19;25;23;0;0;0;0;0
1064;65;31;0;32;34;0;27;27;19;0;23
1065;66;27;12;30;26;28;0;0;0;0;0
1066;67;32;0;0;35;31;29;28;22;0;24
1067;68;30;29;23;30;29;0;0;0;0;0
1068;69;33;0;0;34;33;32;30;16;0;0
1069;70;0;32;0;31;0;19;22;0;0;0
1070;71;22;0;0;37;0;28;29;0;0;25
1071;72;35;0;0;0;0;30;31;0;0;26
1072;73;36;0;0;36;0;31;0;29;0;0
FinishList.End

CompareList.Begin
001=02100
002=04600
003=04700
004=05600
005=06000
006=06300
007=06300
008=07100
009=08000
010=08100
038=08300
011=08600
039=08600
012=09300
013=09800
014=09900
040=10000
041=10100
015=10500
016=10800
017=10800
018=11000
042=11500
019=11700
020=12000
021=12000
043=12200
044=12300
022=12800
023=13100
024=13200
025=13400
026=13900
027=14100
045=14500
028=14600
046=14700
029=14900
047=15700
030=15900
048=16100
049=16500
031=16600
032=16800
050=17200
051=17500
052=17600
033=17700
053=17800
054=18300
055=18400
034=18500
035=18600
036=18700
037=18700
056=19200
057=21200
058=23300
059=23800
060=24800
061=25200
062=25300
063=26100
064=26700
065=26800
066=27100
067=27600
068=28900
069=29000
070=29100
071=30700
072=31000
073=31900
CompareList.End

#W1

FR.*.W1.Bib8.QU=DNF
FR.*.W1.Bib50.QU=DNF
FR.*.W1.Bib62.QU=DNF
FR.*.W1.Bib70.QU=DNF
FR.*.W1.Bib71.QU=RAF

#W2

FR.*.W2.Bib59.QU=DNF
FR.*.W2.Bib60.QU=DNF
FR.*.W2.Bib62.QU=DNF
FR.*.W2.Bib65.QU=DNF
FR.*.W2.Bib67.QU=DNF
FR.*.W2.Bib69.QU=DNF
FR.*.W2.Bib71.QU=DNF
FR.*.W2.Bib72.QU=DNF
FR.*.W2.Bib73.QU=DNF

#W3

FR.*.W3.Bib9.QU=DSQ
FR.*.W3.Bib25.QU=DNF
FR.*.W3.Bib27.QU=DNF
FR.*.W3.Bib39.QU=DNF
FR.*.W3.Bib45.QU=DNF
FR.*.W3.Bib47.QU=DNF
FR.*.W3.Bib51.QU=DNF
FR.*.W3.Bib53.QU=DNF
FR.*.W3.Bib56.QU=DNF
FR.*.W3.Bib57.QU=DNF
FR.*.W3.Bib58.QU=DNF
FR.*.W3.Bib61.QU=DNF
FR.*.W3.Bib63.QU=DNF
FR.*.W3.Bib67.QU=DNF
FR.*.W3.Bib69.QU=DNF
FR.*.W3.Bib70.QU=DNF
FR.*.W3.Bib71.QU=DNF
FR.*.W3.Bib72.QU=DNF
FR.*.W3.Bib73.QU=DNF

#W4

FR.*.W4.Bib59.QU=DNF
FR.*.W4.Bib72.QU=DNF

#W5

FR.*.W5.Bib65.QU=DNF
FR.*.W5.Bib70.QU=DNF
FR.*.W5.Bib71.QU=DNF
FR.*.W5.Bib72.QU=DNF
FR.*.W5.Bib73.QU=DNF

#W6

FR.*.W6.Bib44.QU=DNF
FR.*.W6.Bib64.QU=DNF
FR.*.W6.Bib66.QU=DNF
FR.*.W6.Bib68.QU=DNF

#W7

FR.*.W7.Bib5.QU=OCS
FR.*.W7.Bib13.QU=OCS
FR.*.W7.Bib16.QU=OCS
FR.*.W7.Bib25.QU=OCS
FR.*.W7.Bib36.QU=DNF
FR.*.W7.Bib57.QU=OCS
FR.*.W7.Bib64.QU=DNF
FR.*.W7.Bib66.QU=DNF
FR.*.W7.Bib68.QU=DNF
FR.*.W7.Bib73.QU=DNF

#W8

FR.*.W8.Bib12.QU=DSQ
FR.*.W8.Bib30.QU=DNF
FR.*.W8.Bib49.QU=DNF
FR.*.W8.Bib64.QU=DNF
FR.*.W8.Bib66.QU=DNF
FR.*.W8.Bib68.QU=DNF
FR.*.W8.Bib70.QU=DNF
FR.*.W8.Bib71.QU=DNF
FR.*.W8.Bib72.QU=DNF

#W9

FR.*.W9.Bib13.QU=DNF
FR.*.W9.Bib19.QU=DNF
FR.*.W9.Bib30.QU=DNF
FR.*.W9.Bib48.QU=DNF
FR.*.W9.Bib49.QU=DNF
FR.*.W9.Bib51.QU=DNF
FR.*.W9.Bib52.QU=DNF
FR.*.W9.Bib56.QU=DNF
FR.*.W9.Bib58.QU=DNF
FR.*.W9.Bib60.QU=DNF
FR.*.W9.Bib61.QU=DNF
FR.*.W9.Bib62.QU=DNF
FR.*.W9.Bib63.QU=DNF
FR.*.W9.Bib64.QU=DNF
FR.*.W9.Bib65.QU=DNF
FR.*.W9.Bib66.QU=DNF
FR.*.W9.Bib67.QU=DNF
FR.*.W9.Bib68.QU=DNF
FR.*.W9.Bib69.QU=DNF
FR.*.W9.Bib70.QU=DNF
FR.*.W9.Bib71.QU=DNF
FR.*.W9.Bib72.QU=DNF
FR.*.W9.Bib73.QU=DNF

#W10

FR.*.W10.Bib30.QU=DNF
FR.*.W10.Bib46.QU=DNF
FR.*.W10.Bib49.QU=DNF
FR.*.W10.Bib55.QU=DNF
FR.*.W10.Bib56.QU=DNF
FR.*.W10.Bib64.QU=DNF
FR.*.W10.Bib66.QU=DNF
FR.*.W10.Bib68.QU=DNF
FR.*.W10.Bib69.QU=DNF
FR.*.W10.Bib70.QU=DNF
FR.*.W10.Bib73.QU=DNF

EP.IM = Strict
