#Params

DP.StartlistCount = 73
DP.ITCount = 0
DP.RaceCount = 8

#Event Properties

EP.Name = C 2007 Finn
EP.ScoringSystem = Low Point System
EP.Throwouts = 1
EP.ReorderRAF = False
EP.DivisionName = Finn
EP.InputMode = Strict
EP.RaceLayout = Finish
EP.NameSchema = NX
EP.FieldMap = SN
EP.FieldCaptions = FN,LN,Sail,NOC
EP.FieldCount = 4
EP.NameFieldCount = 0
EP.NameFieldOrder = 
EP.ColorMode = Fleet
EP.UseFleets = True
EP.TargetFleetSize = 37
EP.FirstFinalRace = 6
EP.IsTimed = False
EP.UseCompactFormat = True

NameList.Begin
NameList.End

StartList.Begin
Pos;SNR;Bib
1;1000;1
2;1001;2
3;1002;3
4;1003;4
5;1004;5
6;1005;6
7;1006;7
8;1007;8
9;1008;9
10;1009;10
11;1010;11
12;1011;12
13;1012;13
14;1013;14
15;1014;15
16;1015;16
17;1016;17
18;1017;18
19;1018;19
20;1019;20
21;1020;21
22;1021;22
23;1022;23
24;1023;24
25;1024;25
26;1025;26
27;1026;27
28;1027;28
29;1028;29
30;1029;30
31;1030;31
32;1031;32
33;1032;33
34;1033;34
35;1034;35
36;1035;36
37;1036;37
38;1037;38
39;1038;39
40;1039;40
41;1040;41
42;1041;42
43;1042;43
44;1043;44
45;1044;45
46;1045;46
47;1046;47
48;1047;48
49;1048;49
50;1049;50
51;1050;51
52;1051;52
53;1052;53
54;1053;54
55;1054;55
56;1055;56
57;1056;57
58;1057;58
59;1058;59
60;1059;60
61;1060;61
62;1061;62
63;1062;63
64;1063;64
65;1064;65
66;1065;66
67;1066;67
68;1067;68
69;1068;69
70;1069;70
71;1070;71
72;1071;72
73;1072;73
StartList.End

FleetList.Begin
SNR;Bib;R1;R2;R3;R4;R5;R6;R7;R8
1000;1;1;1;1;1;1;1;1;0
1001;2;1;1;1;1;2;1;1;0
1002;3;1;1;1;1;1;1;1;0
1003;4;2;2;1;1;1;1;1;0
1004;5;1;1;1;1;1;1;1;0
1005;6;2;2;1;2;1;1;1;0
1006;7;2;2;2;1;2;1;1;0
1007;8;1;1;2;1;1;1;1;0
1008;9;2;1;1;2;1;1;1;0
1009;10;1;1;2;1;1;1;1;0
1010;11;1;1;2;2;2;1;1;1
1011;12;1;2;1;1;1;1;1;1
1012;13;1;1;1;2;2;1;1;1
1013;14;2;1;1;1;1;1;1;1
1014;15;1;1;1;1;1;1;1;1
1015;16;1;1;1;2;1;1;1;1
1016;17;1;2;1;1;1;1;1;1
1017;18;1;1;2;1;1;1;1;1
1018;19;2;2;1;2;2;1;1;1
1019;20;2;1;1;1;1;1;1;1
1020;21;1;1;1;1;1;1;1;1
1021;22;1;2;1;2;2;1;1;1
1022;23;2;2;1;1;2;1;1;1
1023;24;2;1;1;1;2;1;1;1
1024;25;1;2;2;1;1;1;1;1
1025;26;1;2;1;2;1;1;1;1
1026;27;1;2;1;2;2;1;1;1
1027;28;1;1;1;2;2;1;1;1
1028;29;1;2;1;1;1;1;1;1
1029;30;2;2;1;1;1;1;1;1
1030;31;2;2;2;2;1;1;1;1
1031;32;1;2;1;1;2;1;1;1
1032;33;1;1;2;2;1;1;1;1
1033;34;2;1;1;2;2;1;1;1
1034;35;1;1;2;1;2;1;1;1
1035;36;2;1;2;2;2;1;1;1
1036;37;1;1;2;2;2;1;1;1
1037;38;2;2;2;2;1;2;2;2
1038;39;2;2;1;1;2;2;2;2
1039;40;1;1;2;1;1;2;2;2
1040;41;2;1;2;2;2;2;2;2
1041;42;2;1;2;1;1;2;2;2
1042;43;1;2;1;1;1;2;2;2
1043;44;1;1;1;2;2;2;2;2
1044;45;1;1;2;2;1;2;2;2
1045;46;2;2;2;1;2;2;2;2
1046;47;2;2;2;1;1;2;2;2
1047;48;2;2;1;2;1;2;2;2
1048;49;2;2;2;1;2;2;2;2
1049;50;1;2;2;2;2;2;2;2
1050;51;2;2;2;2;1;2;2;2
1051;52;1;1;1;1;2;2;2;2
1052;53;2;1;2;2;2;2;2;2
1053;54;2;2;1;1;1;2;2;2
1054;55;2;1;2;1;1;2;2;2
1055;56;1;2;1;2;2;2;2;2
1056;57;1;1;2;2;2;2;2;2
1057;58;1;1;2;2;1;2;2;2
1058;59;2;2;2;1;2;2;2;2
1059;60;2;1;1;1;2;2;2;2
1060;61;1;2;2;1;2;2;2;2
1061;62;2;1;2;1;1;2;2;2
1062;63;1;1;1;2;2;2;2;2
1063;64;2;2;2;1;2;2;2;2
1064;65;1;2;2;2;2;2;2;2
1065;66;2;2;1;2;1;2;2;2
1066;67;1;2;2;2;1;2;2;2
1067;68;2;2;2;2;2;2;2;2
1068;69;2;2;2;2;1;2;2;2
1069;70;2;1;1;2;2;2;2;2
1070;71;2;2;2;2;2;2;2;2
1071;72;2;2;2;2;2;2;2;2
1072;73;2;1;2;2;2;2;2;2
FleetList.End

FinishList.Begin
SNR;Bib;R1;R2;R3;R4;R5;R6;R7;R8
1000;1;3;2;15;4;1;3;7;1
1001;2;5;13;1;1;1;6;5;3
1002;3;4;6;3;2;4;1;33;5
1003;4;3;2;2;10;6;11;1;4
1004;5;1;1;12;3;2;4;35;7
1005;6;4;1;5;2;5;19;4;8
1006;7;1;6;3;8;2;2;0;10
1007;8;19;9;1;5;3;23;2;2
1008;9;5;7;8;1;15;8;3;9
1009;10;8;5;8;6;7;10;19;6
1010;11;2;11;5;10;4;14;16;13
1011;12;15;7;4;16;8;12;11;9
1012;13;12;16;13;4;6;32;6;10
1013;14;12;10;7;9;11;17;8;14
1014;15;17;3;16;7;10;0;23;2
1015;16;11;22;9;3;13;13;12;17
1016;17;13;3;28;14;9;21;13;7
1017;18;9;4;9;11;14;33;17;18
1018;19;19;11;11;9;13;15;36;5
1019;20;2;8;17;12;17;9;21;25
1020;21;14;14;14;0;12;7;9;19
1021;22;18;5;25;7;5;29;26;4
1022;23;14;10;6;26;3;26;34;6
1023;24;8;12;29;15;10;22;25;3
1024;25;10;13;11;0;20;5;24;12
1025;26;7;12;10;8;16;20;30;23
1026;27;24;8;32;15;16;16;18;8
1027;28;6;25;23;12;8;25;20;15
1028;29;29;4;18;13;21;34;15;11
1029;30;6;9;30;19;18;28;14;20
1030;31;11;22;4;5;24;30;27;24
1031;32;25;14;22;22;9;27;10;16
1032;33;21;15;7;19;25;35;31;1
1033;34;7;27;21;11;7;24;32;0
1034;35;23;18;15;21;12;18;22;22
1035;36;9;31;12;14;14;0;28;21
1036;37;31;19;2;16;17;31;29;0
1037;38;10;16;29;13;0;3;1;0
1038;39;17;15;20;0;20;6;3;0
1039;40;0;17;6;20;26;11;2;0
1040;41;18;24;17;20;21;2;10;0
1041;42;24;23;13;18;19;4;11;0
1042;43;16;24;19;17;28;5;8;0
1043;44;26;21;31;6;18;1;27;0
1044;45;20;20;16;17;33;9;17;0
1045;46;25;23;22;23;15;8;12;0
1046;47;16;18;19;24;22;15;15;0
1047;48;20;20;0;21;0;7;4;0
1048;49;23;19;31;25;11;20;14;0
1049;50;22;17;30;18;19;19;19;0
1050;51;26;27;23;24;23;13;9;0
1051;52;30;26;26;27;24;12;5;0
1052;53;13;29;21;23;22;16;0;0
1053;54;21;21;27;28;29;10;22;0
1054;55;15;28;20;29;30;17;24;0
1055;56;28;26;33;28;29;26;7;0
1056;57;36;33;18;26;28;18;21;0
1057;58;34;30;14;22;31;33;20;0
1058;59;22;28;27;32;23;21;0;0
1059;60;28;32;24;31;0;22;18;0
1060;61;27;29;26;34;0;14;30;0
1061;62;27;34;10;33;27;31;33;0
1062;63;32;36;34;31;25;34;6;0
1063;64;31;30;25;30;26;32;26;0
1064;65;35;33;24;27;0;23;28;0
1065;66;32;36;35;30;35;28;13;0
1066;67;33;34;32;0;32;24;23;0
1067;68;34;32;35;29;27;27;29;0
1068;69;35;25;34;25;34;29;32;0
1069;70;29;35;36;0;0;30;16;0
1070;71;30;31;28;0;0;35;25;0
1071;72;33;35;0;0;0;25;31;0
1072;73;36;0;33;0;0;0;0;0
FinishList.End

CompareList.Begin
001=02200
002=02500
003=03000
004=03200
005=03700
006=03700
007=04200
008=04300
009=05000
010=05600
011=05900
012=06600
013=06700
014=07100
038=07200
015=07800
016=07800
017=08000
039=08100
018=08200
040=08200
019=08300
020=08600
041=08800
042=08800
021=08900
022=09000
023=09100
043=09100
024=09500
025=09500
026=09600
044=10100
045=10100
046=10300
027=10500
047=10500
028=10900
048=11000
029=11100
049=11200
030=11400
050=11400
031=11700
032=11800
051=11800
033=11900
052=12000
053=12400
034=12500
035=12800
036=12900
054=12900
055=13300
037=14200
056=14400
057=14600
058=15200
059=15300
060=15500
061=16000
062=16100
063=16200
064=16800
065=17200
066=17300
067=17800
068=17800
069=18100
070=18400
071=18700
072=20200
073=21900
CompareList.End

#W1

FR.*.W1.Bib40.QU=DNF

#W2

FR.*.W2.Bib73.QU=DNF

#W3

FR.*.W3.Bib48.QU=DNF
FR.*.W3.Bib72.QU=DNF

#W4

FR.*.W4.Bib21.QU=DNF
FR.*.W4.Bib25.QU=DNF
FR.*.W4.Bib39.QU=DNF
FR.*.W4.Bib67.QU=DNF
FR.*.W4.Bib70.QU=DNF
FR.*.W4.Bib71.QU=DNF
FR.*.W4.Bib72.QU=DNF
FR.*.W4.Bib73.QU=DNF

#W5

FR.*.W5.Bib38.QU=DNF
FR.*.W5.Bib48.QU=DNF
FR.*.W5.Bib60.QU=DNF
FR.*.W5.Bib61.QU=DNF
FR.*.W5.Bib65.QU=DNF
FR.*.W5.Bib70.QU=DNF
FR.*.W5.Bib71.QU=DNF
FR.*.W5.Bib72.QU=DNF
FR.*.W5.Bib73.QU=DNF

#W6

FR.*.W6.Bib15.QU=OCS
FR.*.W6.Bib36.QU=OCS
FR.*.W6.Bib73.QU=DNF

#W7

FR.*.W7.Bib7.QU=DNF
FR.*.W7.Bib43.QU=DPI/10.0
FR.*.W7.Bib44.QU=DPI/29.0
FR.*.W7.Bib45.QU=DPI/19.0
FR.*.W7.Bib53.QU=DNF
FR.*.W7.Bib57.QU=DPI/23.0
FR.*.W7.Bib58.QU=DPI/22.0
FR.*.W7.Bib59.QU=DNF
FR.*.W7.Bib65.QU=DPI/30.0
FR.*.W7.Bib69.QU=DPI/34.0
FR.*.W7.Bib72.QU=DPI/33.0
FR.*.W7.Bib73.QU=DNF

#W8

FR.*.W8.Bib34.QU=DNF
FR.*.W8.Bib37.QU=DNC
FR.*.W8.Bib38.RV=x
FR.*.W8.Bib39.RV=x
FR.*.W8.Bib40.RV=x
FR.*.W8.Bib41.RV=x
FR.*.W8.Bib42.RV=x
FR.*.W8.Bib43.RV=x
FR.*.W8.Bib44.RV=x
FR.*.W8.Bib45.RV=x
FR.*.W8.Bib46.RV=x
FR.*.W8.Bib47.RV=x
FR.*.W8.Bib48.RV=x
FR.*.W8.Bib49.RV=x
FR.*.W8.Bib50.RV=x
FR.*.W8.Bib51.RV=x
FR.*.W8.Bib52.RV=x
FR.*.W8.Bib53.RV=x
FR.*.W8.Bib54.RV=x
FR.*.W8.Bib55.RV=x
FR.*.W8.Bib56.RV=x
FR.*.W8.Bib57.RV=x
FR.*.W8.Bib58.RV=x
FR.*.W8.Bib59.RV=x
FR.*.W8.Bib60.RV=x
FR.*.W8.Bib61.RV=x
FR.*.W8.Bib62.RV=x
FR.*.W8.Bib63.RV=x
FR.*.W8.Bib64.RV=x
FR.*.W8.Bib65.RV=x
FR.*.W8.Bib66.RV=x
FR.*.W8.Bib67.RV=x
FR.*.W8.Bib68.RV=x
FR.*.W8.Bib69.RV=x
FR.*.W8.Bib70.RV=x
FR.*.W8.Bib71.RV=x
FR.*.W8.Bib72.RV=x
FR.*.W8.Bib73.RV=x

EP.IM = Strict
