#Params

DP.StartlistCount = 62
DP.ITCount = 0
DP.RaceCount = 9

#Event Properties

EP.Name = C 2007 Star
EP.Dates = July 2007
EP.HostClub = Cascais, Portugal
EP.ScoringSystem = Low Point System
EP.Throwouts = 1
EP.DivisionName = Star
EP.InputMode = Strict
EP.RaceLayout = Finish
EP.NameSchema = NX
EP.FieldMap = SN
EP.FieldCaptions = FN1,LN1,NOC,FN2,LN2
EP.FieldCount = 5
EP.NameFieldCount = 0
EP.NameFieldOrder = 
EP.ColorMode = Fleet
EP.UseFleets = True
EP.TargetFleetSize = 31
EP.FirstFinalRace = 7
EP.IsTimed = False
EP.UseCompactFormat = True

NameList.Begin
NameList.End

StartList.Begin
Pos;SNR;Bib
1;8127;1
2;8107;2
3;8261;3
4;8292;4
5;8266;5
6;8170;6
7;8213;7
8;8256;8
9;7836;9
10;8309;10
11;8180;11
12;8320;12
13;8210;13
14;8254;14
15;8280;15
16;8149;16
17;8268;17
18;8156;18
19;7971;19
20;8296;20
21;8014;21
22;8272;22
23;7991;23
24;8226;24
25;7581;25
26;8234;26
27;8273;27
28;7760;28
29;8281;29
30;8192;30
31;8166;31
32;8158;32
33;8222;33
34;8094;34
35;7213;35
36;8147;36
37;7990;37
38;8290;38
39;8212;39
40;7860;40
41;7;41
42;8286;42
43;8232;43
44;8061;44
45;8205;45
46;8188;46
47;7907;47
48;8298;48
49;8247;49
50;8144;50
51;8076;51
52;8242;52
53;8143;53
54;7955;54
55;7799;55
56;8181;56
57;8098;57
58;7753;58
59;8085;59
60;8135;60
61;7420;61
62;8276;62
StartList.End

FleetList.Begin
SNR;Bib;R1;R2;R3;R4;R5;R6;R7;R8;R9
8127;1;1;1;1;1;1;1;1;1;1
8107;2;1;1;1;1;1;1;1;1;1
8261;3;1;1;1;1;1;1;1;1;1
8292;4;2;2;1;1;1;2;1;1;1
8266;5;1;1;2;2;1;1;1;1;1
8170;6;2;2;2;1;2;1;1;1;1
8213;7;2;1;2;1;1;1;1;1;1
8256;8;1;1;1;2;2;1;1;1;1
7836;9;1;1;1;2;1;1;1;1;1
8309;10;1;1;1;1;2;2;1;1;1
8180;11;1;1;1;1;1;2;1;1;1
8320;12;1;1;1;1;1;1;1;1;1
8210;13;1;2;1;2;1;1;1;1;1
8254;14;2;1;1;1;2;2;1;1;1
8280;15;1;1;2;1;1;2;1;1;1
8149;16;1;2;2;1;2;1;1;1;1
8268;17;1;1;1;1;1;1;1;1;1
8156;18;2;2;1;2;2;2;1;1;1
7971;19;2;2;2;1;1;1;1;1;1
8296;20;2;2;1;1;1;2;1;1;1
8014;21;1;2;1;2;1;1;1;1;1
8272;22;2;1;1;1;1;2;1;1;1
7991;23;1;1;2;2;2;1;1;1;1
8226;24;1;2;1;2;1;2;1;1;1
7581;25;1;1;2;1;1;1;1;1;1
8234;26;1;2;1;2;2;2;1;1;1
8273;27;1;1;2;2;2;1;1;1;1
7760;28;2;1;2;2;2;2;1;1;1
8281;29;2;1;2;2;1;2;1;1;1
8192;30;2;1;2;1;2;1;1;1;1
8166;31;2;1;2;2;1;1;1;1;1
8158;32;2;1;2;1;2;1;2;2;2
8222;33;2;1;1;2;1;2;2;2;2
8094;34;1;1;1;1;2;2;2;2;2
7213;35;2;1;2;2;1;1;2;2;2
8147;36;2;1;1;1;2;1;2;2;2
7990;37;1;2;2;1;2;2;2;2;2
8290;38;1;2;2;2;2;1;2;2;2
8212;39;1;2;1;1;2;2;2;2;2
7860;40;1;2;2;1;1;1;2;2;2
7;41;2;2;1;2;2;2;2;2;2
8286;42;2;2;2;2;2;2;2;2;2
8232;43;2;1;1;2;1;2;2;2;2
8061;44;1;2;1;2;1;2;2;2;2
8205;45;2;1;2;1;1;1;2;2;2
8188;46;2;2;2;2;2;2;2;2;2
7907;47;2;2;2;1;2;1;2;2;2
8298;48;1;2;1;1;2;2;2;2;2
8247;49;2;2;1;2;2;2;2;2;2
8144;50;1;2;1;1;1;1;2;2;2
8076;51;2;2;2;2;2;2;2;2;2
8242;52;1;1;2;1;2;2;2;2;2
8143;53;1;2;2;2;1;1;2;2;2
7955;54;1;2;1;2;2;2;2;2;2
7799;55;2;1;2;2;1;1;2;2;2
8181;56;2;2;2;2;1;1;2;2;2
8098;57;2;2;2;2;2;2;2;2;2
7753;58;2;2;1;1;2;2;2;2;2
8085;59;1;1;2;2;2;2;2;2;2
8135;60;2;2;2;2;2;2;2;2;2
7420;61;2;2;1;2;1;1;2;2;2
8276;62;2;2;2;1;2;2;2;2;2
FleetList.End

FinishList.Begin
SNR;Bib;R1;R2;R3;R4;R5;R6;R7;R8;R9
8127;1;2;4;3;1;1;1;29;1;2
8107;2;3;1;1;2;3;3;7;2;4
8261;3;1;8;2;5;2;2;4;8;1
8292;4;3;1;7;19;7;1;2;5;6
8266;5;4;2;2;5;9;5;5;4;5
8170;6;1;8;1;10;1;4;19;16;3
8213;7;2;7;3;8;11;7;8;6;0
8256;8;9;9;4;1;2;8;17;18;7
7836;9;6;17;8;8;4;12;12;3;23
8309;10;12;3;5;13;7;4;16;21;13
8180;11;11;5;22;3;8;3;23;10;12
8320;12;5;6;17;11;14;6;18;7;14
8210;13;14;9;6;3;23;13;6;9;0
8254;14;11;10;12;4;8;6;14;22;21
8280;15;16;14;5;17;6;2;30;12;16
8149;16;10;6;8;15;4;11;22;20;19
8268;17;7;11;14;6;12;19;1;28;0
8156;18;7;4;20;19;11;5;13;23;0
7971;19;4;11;6;7;25;22;9;24;20
8296;20;6;7;10;16;19;7;27;11;0
8014;21;15;2;13;7;5;17;20;26;0
8272;22;16;20;9;9;24;8;10;25;9
7991;23;13;13;20;2;14;9;24;13;0
8226;24;18;14;11;15;10;17;15;29;10
7581;25;19;21;4;14;15;14;21;17;8
8234;26;8;10;18;16;15;14;0;19;15
8273;27;20;16;12;11;9;18;3;27;0
7760;28;15;22;9;13;0;0;11;31;18
8281;29;5;25;17;14;18;9;25;30;11
8192;30;13;29;10;21;12;10;28;14;17
8166;31;18;19;14;4;13;26;26;15;22
8158;32;19;23;7;27;6;23;1;1;0
8222;33;12;15;16;9;17;19;3;8;0
8094;34;24;12;15;18;5;18;9;4;0
7213;35;10;28;16;6;16;25;2;13;0
8147;36;14;24;25;20;3;16;6;6;0
7990;37;25;16;15;26;16;12;5;2;0
8290;38;17;13;11;17;13;15;17;14;0
8212;39;21;12;23;12;10;16;23;15;0
7860;40;22;15;13;22;28;24;13;3;0
7;41;24;17;24;21;17;10;14;7;0
8286;42;17;3;22;20;24;23;18;17;0
8232;43;8;27;21;12;29;13;12;0;0
8061;44;23;5;19;10;20;15;0;0;0
8205;45;20;26;18;24;22;20;19;5;0
8188;46;22;20;21;22;23;11;21;12;0
7907;47;21;23;23;25;20;28;8;11;0
8298;48;27;22;0;0;18;24;7;10;0
8247;49;25;25;26;18;25;25;4;21;0
8144;50;28;21;27;28;21;21;16;9;0
8076;51;9;24;25;0;28;20;10;0;0
8242;52;26;18;19;23;22;26;0;16;0
8143;53;30;26;24;24;26;27;20;18;0
7955;54;29;19;28;25;19;22;0;0;0
7799;55;26;30;0;0;27;29;11;20;0
8181;56;29;0;26;23;0;0;15;19;0
8098;57;23;27;0;0;0;21;22;0;0
7753;58;28;18;30;30;21;0;0;0;0
8085;59;0;31;27;27;27;27;0;22;0
8135;60;27;28;28;26;26;28;0;0;0
7420;61;0;29;29;28;30;30;0;0;0
8276;62;30;0;29;29;0;0;0;0;0
FinishList.End

CompareList.Begin
001=01500
002=01900
003=02500
004=03200
005=03200
006=04400
007=05200
008=05700
009=07000
010=07300
011=07400
012=08000
032=08000
033=08000
034=08100
013=08300
014=08600
015=08800
035=08800
036=08900
037=09100
016=09300
017=09800
038=10000
018=10200
019=10300
020=10300
021=10500
022=10500
023=10800
039=10900
024=11000
025=11200
040=11200
041=11200
026=11500
027=11600
028=11760
042=12000
043=12200
029=12400
044=12400
030=12500
045=12800
046=12900
031=13100
047=13100
048=14000
049=14300
050=14300
051=14800
052=15000
053=16500
054=17400
055=17500
056=17600
057=18900
058=19100
059=19300
060=19500
061=21000
062=21600
CompareList.End

#W1

FR.*.W1.Bib59.QU=DSQ
FR.*.W1.Bib61.QU=DNF

#W2

FR.*.W2.Bib41.QU=DPI/19.0
FR.*.W2.Bib56.QU=DNF
FR.*.W2.Bib62.QU=DNF

#W3

FR.*.W3.Bib48.QU=DNF
FR.*.W3.Bib55.QU=DNF
FR.*.W3.Bib57.QU=DNF

#W4

FR.*.W4.Bib48.QU=DNF
FR.*.W4.Bib51.QU=BFD
FR.*.W4.Bib55.QU=DNF
FR.*.W4.Bib57.QU=DPI/32.0

#W5

FR.*.W5.Bib28.QU=RDG/14.8
FR.*.W5.Bib56.QU=DNF
FR.*.W5.Bib57.QU=DSQ
FR.*.W5.Bib62.QU=DNC

#W6

FR.*.W6.Bib28.QU=RDG/14.8
FR.*.W6.Bib56.QU=DNF
FR.*.W6.Bib58.QU=DNF
FR.*.W6.Bib62.QU=DNC

#W7

FR.*.W7.Bib26.QU=DSQ
FR.*.W7.Bib44.QU=DNF
FR.*.W7.Bib52.QU=OCS
FR.*.W7.Bib54.QU=OCS
FR.*.W7.Bib58.QU=DNF
FR.*.W7.Bib59.QU=DNE
FR.*.W7.Bib60.QU=DNF
FR.*.W7.Bib61.QU=DNC
FR.*.W7.Bib62.QU=DNC

#W8

FR.*.W8.Bib43.QU=DNF
FR.*.W8.Bib44.QU=DNF
FR.*.W8.Bib51.QU=DNF
FR.*.W8.Bib54.QU=DNF
FR.*.W8.Bib57.QU=DNF
FR.*.W8.Bib58.QU=DNF
FR.*.W8.Bib60.QU=DNF
FR.*.W8.Bib61.QU=DNC
FR.*.W8.Bib62.QU=DNC

#W9

FR.*.W9.Bib7.QU=BFD
FR.*.W9.Bib13.QU=BFD
FR.*.W9.Bib17.QU=BFD
FR.*.W9.Bib18.QU=BFD
FR.*.W9.Bib20.QU=BFD
FR.*.W9.Bib21.QU=BFD
FR.*.W9.Bib23.QU=BFD
FR.*.W9.Bib27.QU=BFD
FR.*.W9.Bib32.RV=x
FR.*.W9.Bib33.RV=x
FR.*.W9.Bib34.RV=x
FR.*.W9.Bib35.RV=x
FR.*.W9.Bib36.RV=x
FR.*.W9.Bib37.RV=x
FR.*.W9.Bib38.RV=x
FR.*.W9.Bib39.RV=x
FR.*.W9.Bib40.RV=x
FR.*.W9.Bib41.RV=x
FR.*.W9.Bib42.RV=x
FR.*.W9.Bib43.RV=x
FR.*.W9.Bib44.RV=x
FR.*.W9.Bib45.RV=x
FR.*.W9.Bib46.RV=x
FR.*.W9.Bib47.RV=x
FR.*.W9.Bib48.RV=x
FR.*.W9.Bib49.RV=x
FR.*.W9.Bib50.RV=x
FR.*.W9.Bib51.RV=x
FR.*.W9.Bib52.RV=x
FR.*.W9.Bib53.RV=x
FR.*.W9.Bib54.RV=x
FR.*.W9.Bib55.RV=x
FR.*.W9.Bib56.RV=x
FR.*.W9.Bib57.RV=x
FR.*.W9.Bib58.RV=x
FR.*.W9.Bib59.RV=x
FR.*.W9.Bib60.RV=x
FR.*.W9.Bib61.RV=x
FR.*.W9.Bib62.RV=x

EP.IM = Strict
